16.99
4.75
9.99
350.00
85.58
37.09
124.99
39.99
36.00
5.99
115.00
78.98
24.99
7.50
56.00
10.00
137.50
19.99
13.95
49.99
39.99
75.00
19.95
10.00
10.99
522.98
90.00
25.00
14.99
25.00
115.00
15.89
24.97
110.00
118.00
10.00
60.00
20.00
33.99
10.00
30.00
99.00
329.99
19.95
10.00
80.00
99.99
71.99
9.95
90.00
5.00
39.99
10.00
49.95
4.95
3.75
87.49
14.99
29.99
67.49
80.00
16.99
39.99
4.99
4.97
142.50
69.99
29.95
49.00
78.99
18.48
25.00
85.99
10.50
250.00
54.99
11.50
234.95
22.00
137.80
75.00
29.99
128.03
99.99
5.99
9.99
500.00
39.99
18.95
29.99
75.21
20.99
40.00
39.99
15.00
6.99
1.99
15.00
118.99
362.99
5.50
44.98
19.99
79.99
21.50
54.99
106.00
264.60
132.50
49.00
49.99
59.99
159.99
13.90
9.99
49.00
42.99
30.00
22.00
69.00
25.47
39.99
24.99
29.00
34.00
0.99
19.99
29.99
49.99
19.95
10.99
9.56
35.50
31.50
89.95
59.00
36.99
34.99
115.00
265.36
105.51
200.00
49.99
27.99
19.95
22.99
59.00
169.99
59.99
44.99
29.94
94.99
14.67
41.99
6.99
14.99
11.25
10.50
75.00
119.00
31.00
33.99
75.95
84.88
34.69
21.95
55.00
47.77
210.00
19.99
7.24
119.45
39.99
72.76
155.00
6.55
158.00
46.00
8.50
99.95
12.00
45.00
12.00
75.00
7.50
31.99
48.00
13.50
7.99
100.00
5.00
39.99
33.99
13.99
34.95
61.73
5.24
64.00
30.99
81.00
80.00
3.99
9.99
1.25
62.00
8.50
351.00
9.99
0.01
4.80
4.45
3.65
4.25
10.50
3.23
4.80
3.74
79.00
13.00
510.00
65.00
8.99
40.00
4.25
0.69
44.50
0.01
9.99
9.52
39.93
120.00
118.99
18.50
225.00
7.98
10.99
15.50
14.51
94.95
2.75
1.75
199.99
9.99
42.00
2.75
100.00
39.95
3.25
115.87
89.95
22.53
23.50
5.99
13.00
165.00
85.00
4.60
175.00
4.75
498.90
30.99
46.80
12.75
13.00
33.00
2379.00
107.50
23.55
319.99
28.00
9.99
25.00
123.99
15.50
3.00
9.99
1295.00
18.99
150.00
21.00
63.00
45.00
19.51
29.99
152.50
9.99
31.92
2635.05
33.54
42.00
79.00
149.00
75.00
89.00
75.00
319.00
7.99
2.50
899.00
99.50
0.94
35.93
259.99
0.11
32.00
397.67
10.49
29.71
16.50
73.46
249.00
6.50
3.60
33.48
75.00
269.00
59.99
22.50
155.00
5.50
9.50
9.50
7.50
7.76
7.99
1925.00
10.05
19.99
7.49
2.99
50.00
375.00
10.99
0.97
2245.50
30.05
160.00
13.00
41.52
74.26
0.26
0.01
435.00
68.67
21.75
264.99
0.11
77.00
31.01
82.00
31.00
38.33
24.50
18.97
51.10
9.89
12.99
1.00
26.00
29.99
127.74
180.00
0.94
189.99
332.00
56.00
20.75
14.95
99.00
3.75
16.08
100.00
2.25
72.01
19.50
4.00
2.25
21.00
31.00
20.50
18.99
790.52
30.00
60.99
12.00
27.99
399.00
449.00
9.00
5.50
5.99
20.50
450.00
22.00
17.17
3105.00
1.29
6.00
0.82
295.00
80.00
3.99
9.99
1.25
62.00
8.50
351.00
9.99
0.01
4.80
4.45
3.65
4.25
10.50
3.23
4.80
3.74
79.00
13.00
510.00
65.00
8.99
40.00
4.25
0.69
44.50
0.01
9.99
9.52
39.93
120.00
118.99
18.50
225.00
7.98
10.99
15.50
14.51
94.95
2.75
1.75
199.99
9.99
42.00
2.75
100.00
39.95
3.25
115.87
89.95
22.53
23.50
5.99
13.00
165.00
85.00
4.60
175.00
4.75
498.90
30.99
46.80
12.75
13.00
33.00
2379.00
107.50
23.55
319.99
28.00
9.99
25.00
123.99
15.50
3.00
9.99
1295.00
18.99
150.00
21.00
63.00
45.00
19.51
29.99
152.50
9.99
31.92
2635.05
33.54
42.00
79.00
149.00
75.00
89.00
75.00
319.00
7.99
2.50
899.00
99.50
0.94
35.93
259.99
0.11
32.00
397.67
10.49
29.71
16.50
73.46
249.00
6.50
3.60
33.48
75.00
269.00
59.99
22.50
155.00
5.50
9.50
9.50
7.50
7.76
7.99
1925.00
10.05
19.99
7.49
2.99
50.00
375.00
10.99
0.97
2245.50
30.05
160.00
13.00
41.52
74.26
0.26
0.01
435.00
68.67
21.75
264.99
0.11
77.00
31.01
82.00
31.00
38.33
24.50
18.97
51.10
9.89
12.99
1.00
26.00
29.99
127.74
180.00
0.94
189.99
332.00
56.00
20.75
14.95
99.00
3.75
16.08
100.00
2.25
72.01
19.50
4.00
2.25
21.00
31.00
20.50
18.99
790.52
30.00
60.99
12.00
27.99
399.00
449.00
9.00
5.50
5.99
20.50
450.00
22.00
17.17
3105.00
1.29
6.00
0.82
295.00
80.00
3.99
9.99
1.25
62.00
8.50
351.00
9.99
0.01
4.80
4.45
3.65
4.25
10.50
3.23
4.80
3.74
79.00
13.00
510.00
65.00
8.99
40.00
4.25
0.69
44.50
0.01
9.99
9.52
39.93
120.00
118.99
18.50
225.00
7.98
10.99
15.50
14.51
94.95
2.75
1.75
199.99
9.99
42.00
2.75
100.00
39.95
3.25
115.87
89.95
22.53
23.50
5.99
13.00
165.00
85.00
4.60
175.00
4.75
498.90
30.99
46.80
12.75
13.00
33.00
2379.00
107.50
23.55
319.99
28.00
9.99
25.00
123.99
15.50
3.00
9.99
1295.00
18.99
150.00
21.00
63.00
45.00
19.51
29.99
152.50
9.99
31.92
2635.05
33.54
42.00
79.00
149.00
75.00
89.00
75.00
319.00
7.99
2.50
899.00
99.50
0.94
35.93
259.99
0.11
32.00
397.67
10.49
29.71
16.50
73.46
249.00
6.50
3.60
33.48
75.00
269.00
59.99
22.50
155.00
5.50
9.50
9.50
7.50
7.76
7.99
1925.00
10.05
19.99
7.49
2.99
50.00
375.00
10.99
0.97
2245.50
30.05
160.00
13.00
41.52
74.26
0.26
0.01
435.00
68.67
21.75
264.99
0.11
77.00
31.01
82.00
31.00
38.33
24.50
18.97
51.10
9.89
12.99
1.00
26.00
29.99
127.74
180.00
0.94
189.99
332.00
56.00
20.75
14.95
99.00
3.75
16.08
100.00
2.25
72.01
19.50
4.00
2.25
21.00
31.00
20.50
18.99
790.52
30.00
60.99
12.00
27.99
399.00
449.00
9.00
5.50
5.99
20.50
450.00
22.00
17.17
3105.00
1.29
6.00
0.82
295.00
80.00
3.99
9.99
1.25
62.00
8.50
351.00
9.99
0.01
4.80
4.45
3.65
4.25
10.50
3.23
4.80
3.74
79.00
13.00
510.00
65.00
8.99
40.00
4.25
0.69
44.50
0.01
9.99
9.52
39.93
120.00
118.99
18.50
225.00
7.98
10.99
15.50
14.51
94.95
2.75
1.75
199.99
9.99
42.00
2.75
100.00
39.95
3.25
115.87
89.95
22.53
23.50
5.99
13.00
165.00
85.00
4.60
175.00
4.75
498.90
30.99
46.80
12.75
13.00
33.00
2379.00
107.50
23.55
319.99
28.00
9.99
25.00
123.99
15.50
3.00
9.99
1295.00
18.99
150.00
21.00
63.00
45.00
19.51
29.99
152.50
9.99
31.92
2635.05
33.54
42.00
79.00
149.00
75.00
89.00
75.00
319.00
7.99
2.50
899.00
99.50
0.94
35.93
259.99
0.11
32.00
397.67
10.49
29.71
16.50
73.46
249.00
6.50
3.60
33.48
75.00
269.00
59.99
22.50
155.00
5.50
9.50
9.50
7.50
7.76
7.99
1925.00
10.05
19.99
7.49
2.99
50.00
375.00
10.99
0.97
2245.50
30.05
160.00
13.00
41.52
74.26
0.26
0.01
435.00
68.67
21.75
264.99
0.11
77.00
31.01
82.00
31.00
38.33
24.50
18.97
51.10
9.89
12.99
1.00
26.00
29.99
127.74
180.00
0.94
189.99
332.00
56.00
20.75
14.95
99.00
3.75
16.08
100.00
2.25
72.01
19.50
4.00
2.25
21.00
31.00
20.50
18.99
790.52
30.00
60.99
12.00
27.99
399.00
449.00
9.00
5.50
5.99
20.50
450.00
22.00
17.17
3105.00
1.29
6.00
0.82
295.00
80.00
3.99
9.99
1.25
62.00
8.50
351.00
9.99
0.01
4.80
4.45
3.65
4.25
10.50
3.23
4.80
3.74
79.00
13.00
510.00
65.00
8.99
40.00
4.25
0.69
44.50
0.01
9.99
9.52
39.93
120.00
118.99
18.50
225.00
7.98
10.99
15.50
14.51
94.95
2.75
1.75
199.99
9.99
42.00
2.75
100.00
39.95
3.25
115.87
89.95
22.53
23.50
5.99
13.00
165.00
85.00
4.60
175.00
4.75
498.90
30.99
46.80
12.75
13.00
33.00
2379.00
107.50
23.55
319.99
28.00
9.99
25.00
123.99
15.50
3.00
9.99
1295.00
18.99
150.00
21.00
63.00
45.00
19.51
29.99
152.50
9.99
31.92
2635.05
33.54
42.00
79.00
149.00
75.00
89.00
75.00
319.00
7.99
2.50
899.00
99.50
0.94
35.93
259.99
0.11
32.00
397.67
10.49
29.71
16.50
73.46
249.00
6.50
3.60
33.48
75.00
269.00
59.99
22.50
155.00
5.50
9.50
9.50
7.50
7.76
7.99
1925.00
10.05
19.99
7.49
2.99
50.00
375.00
10.99
0.97
2245.50
30.05
160.00
13.00
41.52
74.26
0.26
0.01
435.00
68.67
21.75
264.99
0.11
77.00
31.01
82.00
31.00
38.33
24.50
18.97
51.10
9.89
12.99
1.00
26.00
29.99
127.74
180.00
0.94
189.99
332.00
56.00
20.75
14.95
99.00
3.75
16.08
100.00
2.25
72.01
19.50
4.00
2.25
21.00
31.00
20.50
18.99
790.52
30.00
60.99
12.00
27.99
399.00
449.00
9.00
5.50
5.99
20.50
450.00
22.00
17.17
3105.00
1.29
6.00
0.82
295.00
80.00
3.99
9.99
1.25
62.00
8.50
351.00
9.99
0.01
4.80
4.45
3.65
4.25
10.50
3.23
4.80
3.74
79.00
13.00
510.00
65.00
8.99
40.00
4.25
0.69
44.50
0.01
9.99
9.52
39.93
120.00
118.99
18.50
225.00
7.98
10.99
15.50
14.51
94.95
2.75
1.75
199.99
9.99
42.00
2.75
100.00
39.95
3.25
115.87
89.95
22.53
23.50
5.99
13.00
165.00
85.00
4.60
175.00
4.75
498.90
30.99
46.80
12.75
13.00
33.00
2379.00
107.50
23.55
319.99
28.00
9.99
25.00
123.99
15.50
3.00
9.99
1295.00
18.99
150.00
21.00
63.00
45.00
19.51
29.99
152.50
9.99
31.92
2635.05
33.54
42.00
79.00
149.00
75.00
89.00
75.00
319.00
7.99
2.50
899.00
99.50
0.94
35.93
259.99
0.11
32.00
397.67
10.49
29.71
16.50
73.46
249.00
6.50
3.60
33.48
75.00
269.00
59.99
22.50
155.00
5.50
9.50
9.50
7.50
7.76
7.99
1925.00
10.05
19.99
7.49
2.99
50.00
375.00
10.99
0.97
2245.50
30.05
160.00
13.00
41.52
74.26
0.26
0.01
435.00
68.67
21.75
264.99
0.11
77.00
31.01
82.00
31.00
38.33
24.50
18.97
51.10
9.89
12.99
1.00
26.00
29.99
127.74
180.00
0.94
189.99
332.00
56.00
20.75
14.95
99.00
3.75
16.08
100.00
2.25
72.01
19.50
4.00
2.25
21.00
31.00
20.50
18.99
790.52
30.00
60.99
12.00
27.99
399.00
449.00
9.00
5.50
5.99
20.50
450.00
22.00
17.17
3105.00
1.29
6.00
0.82
295.00
80.00
3.99
9.99
1.25
62.00
8.50
351.00
9.99
0.01
4.80
4.45
3.65
4.25
10.50
3.23
4.80
3.74
79.00
13.00
510.00
65.00
8.99
40.00
4.25
0.69
44.50
0.01
9.99
9.52
39.93
120.00
118.99
18.50
225.00
7.98
10.99
15.50
14.51
94.95
2.75
1.75
199.99
9.99
42.00
2.75
100.00
39.95
3.25
115.87
89.95
22.53
23.50
5.99
13.00
165.00
85.00
4.60
175.00
4.75
498.90
30.99
46.80
12.75
13.00
33.00
2379.00
107.50
23.55
319.99
28.00
9.99
25.00
123.99
15.50
3.00
9.99
1295.00
18.99
150.00
21.00
63.00
45.00
19.51
29.99
152.50
9.99
31.92
2635.05
33.54
42.00
79.00
149.00
75.00
89.00
75.00
319.00
7.99
2.50
899.00
99.50
0.94
35.93
259.99
0.11
32.00
397.67
10.49
29.71
16.50
73.46
249.00
6.50
3.60
33.48
75.00
269.00
59.99
22.50
155.00
5.50
9.50
9.50
7.50
7.76
7.99
1925.00
10.05
19.99
7.49
2.99
50.00
375.00
10.99
0.97
2245.50
30.05
160.00
13.00
41.52
74.26
0.26
0.01
435.00
68.67
21.75
264.99
0.11
77.00
31.01
82.00
31.00
38.33
24.50
18.97
51.10
9.89
12.99
1.00
26.00
29.99
127.74
180.00
0.94
189.99
332.00
56.00
20.75
14.95
99.00
3.75
16.08
100.00
2.25
72.01
19.50
4.00
2.25
21.00
31.00
20.50
18.99
790.52
30.00
60.99
12.00
27.99
399.00
449.00
9.00
5.50
5.99
20.50
450.00
22.00
17.17
3105.00
1.29
6.00
0.82
295.00
80.00
3.99
9.99
1.25
62.00
8.50
351.00
9.99
0.01
4.80
4.45
3.65
4.25
10.50
3.23
4.80
3.74
79.00
13.00
510.00
65.00
8.99
40.00
4.25
0.69
44.50
0.01
9.99
9.52
39.93
120.00
118.99
18.50
225.00
7.98
10.99
15.50
14.51
94.95
2.75
1.75
199.99
9.99
42.00
2.75
100.00
39.95
3.25
115.87
89.95
22.53
23.50
5.99
13.00
165.00
85.00
4.60
175.00
4.75
498.90
30.99
46.80
12.75
13.00
33.00
2379.00
107.50
23.55
319.99
28.00
9.99
25.00
123.99
15.50
3.00
9.99
1295.00
18.99
150.00
21.00
63.00
45.00
19.51
29.99
152.50
9.99
31.92
2635.05
33.54
42.00
79.00
149.00
75.00
89.00
75.00
319.00
7.99
2.50
899.00
99.50
0.94
35.93
259.99
0.11
32.00
397.67
10.49
29.71
16.50
73.46
249.00
6.50
3.60
33.48
75.00
269.00
59.99
22.50
155.00
5.50
9.50
9.50
7.50
7.76
7.99
1925.00
10.05
19.99
7.49
2.99
50.00
375.00
10.99
0.97
2245.50
30.05
160.00
13.00
41.52
74.26
0.26
0.01
435.00
68.67
21.75
264.99
0.11
77.00
31.01
82.00
31.00
38.33
24.50
18.97
51.10
9.89
12.99
1.00
26.00
29.99
127.74
180.00
0.94
189.99
332.00
56.00
20.75
14.95
99.00
3.75
16.08
100.00
2.25
72.01
19.50
4.00
2.25
21.00
31.00
20.50
18.99
790.52
30.00
60.99
12.00
27.99
399.00
449.00
9.00
5.50
5.99
20.50
450.00
22.00
17.17
3105.00
1.29
6.00
0.82
295.00
80.00
3.99
9.99
1.25
62.00
8.50
351.00
9.99
0.01
4.80
4.45
3.65
4.25
10.50
3.23
4.80
3.74
79.00
13.00
510.00
65.00
8.99
40.00
4.25
0.69
44.50
0.01
9.99
9.52
39.93
120.00
118.99
18.50
225.00
7.98
10.99
15.50
14.51
94.95
2.75
1.75
199.99
9.99
42.00
2.75
100.00
39.95
3.25
115.87
89.95
22.53
23.50
5.99
13.00
165.00
85.00
4.60
175.00
4.75
498.90
30.99
46.80
12.75
13.00
33.00
2379.00
107.50
23.55
319.99
28.00
9.99
25.00
123.99
15.50
3.00
9.99
1295.00
18.99
150.00
21.00
63.00
45.00
19.51
29.99
152.50
9.99
31.92
2635.05
33.54
42.00
79.00
149.00
75.00
89.00
75.00
319.00
7.99
2.50
899.00
99.50
0.94
35.93
259.99
0.11
32.00
397.67
10.49
29.71
16.50
73.46
249.00
6.50
3.60
33.48
75.00
269.00
59.99
22.50
155.00
5.50
9.50
9.50
7.50
7.76
7.99
1925.00
10.05
19.99
7.49
2.99
50.00
375.00
10.99
0.97
2245.50
30.05
160.00
13.00
41.52
74.26
0.26
0.01
435.00
68.67
21.75
264.99
0.11
77.00
31.01
82.00
31.00
38.33
24.50
18.97
51.10
9.89
12.99
1.00
26.00
29.99
127.74
180.00
0.94
189.99
332.00
56.00
20.75
14.95
99.00
3.75
16.08
100.00
2.25
72.01
19.50
4.00
2.25
21.00
31.00
20.50
18.99
790.52
30.00
60.99
12.00
27.99
399.00
449.00
9.00
5.50
5.99
20.50
450.00
22.00
17.17
3105.00
1.29
6.00
0.82
295.00
80.00
3.99
9.99
1.25
62.00
8.50
351.00
9.99
0.01
4.80
4.45
3.65
4.25
10.50
3.23
4.80
3.74
79.00
13.00
510.00
65.00
8.99
40.00
4.25
0.69
44.50
0.01
9.99
9.52
39.93
120.00
118.99
18.50
225.00
7.98
10.99
15.50
14.51
94.95
2.75
1.75
199.99
9.99
42.00
2.75
100.00
39.95
3.25
115.87
89.95
22.53
23.50
5.99
13.00
165.00
85.00
4.60
175.00
4.75
498.90
30.99
46.80
12.75
13.00
33.00
2379.00
107.50
23.55
319.99
28.00
9.99
25.00
123.99
15.50
3.00
9.99
1295.00
18.99
150.00
21.00
63.00
45.00
19.51
29.99
152.50
9.99
31.92
2635.05
33.54
42.00
79.00
149.00
75.00
89.00
75.00
319.00
7.99
2.50
899.00
99.50
0.94
35.93
259.99
0.11
32.00
397.67
10.49
29.71
16.50
73.46
249.00
6.50
3.60
33.48
75.00
269.00
59.99
22.50
155.00
5.50
9.50
9.50
7.50
7.76
7.99
1925.00
10.05
19.99
7.49
2.99
50.00
375.00
10.99
0.97
2245.50
30.05
160.00
13.00
41.52
74.26
0.26
0.01
435.00
68.67
21.75
264.99
0.11
77.00
31.01
82.00
31.00
38.33
24.50
18.97
51.10
9.89
12.99
1.00
26.00
29.99
127.74
180.00
0.94
189.99
332.00
56.00
20.75
14.95
99.00
3.75
16.08
100.00
2.25
72.01
19.50
4.00
2.25
21.00
31.00
20.50
18.99
790.52
30.00
60.99
12.00
27.99
399.00
449.00
9.00
5.50
5.99
20.50
450.00
22.00
17.17
3105.00
1.29
6.00
0.82
295.00
80.00
3.99
9.99
1.25
62.00
8.50
351.00
9.99
0.01
4.80
4.45
3.65
4.25
10.50
3.23
4.80
3.74
79.00
13.00
510.00
65.00
8.99
40.00
4.25
0.69
44.50
0.01
9.99
9.52
39.93
120.00
118.99
18.50
225.00
7.98
10.99
15.50
14.51
94.95
2.75
1.75
199.99
9.99
42.00
2.75
100.00
39.95
3.25
115.87
89.95
22.53
23.50
5.99
13.00
165.00
85.00
4.60
175.00
4.75
498.90
30.99
46.80
12.75
13.00
33.00
2379.00
107.50
23.55
319.99
28.00
9.99
25.00
123.99
15.50
3.00
9.99
1295.00
18.99
150.00
21.00
63.00
45.00
19.51
29.99
152.50
9.99
31.92
2635.05
33.54
42.00
79.00
149.00
75.00
89.00
75.00
319.00
7.99
2.50
899.00
99.50
0.94
35.93
259.99
0.11
32.00
397.67
10.49
29.71
16.50
73.46
249.00
6.50
3.60
33.48
75.00
269.00
59.99
22.50
155.00
5.50
9.50
9.50
7.50
7.76
7.99
1925.00
10.05
19.99
7.49
2.99
50.00
375.00
10.99
0.97
2245.50
30.05
160.00
13.00
41.52
74.26
0.26
0.01
435.00
68.67
21.75
264.99
0.11
77.00
31.01
82.00
31.00
38.33
24.50
18.97
51.10
9.89
12.99
1.00
26.00
29.99
127.74
180.00
0.94
189.99
332.00
56.00
20.75
14.95
99.00
3.75
16.08
100.00
2.25
72.01
19.50
4.00
2.25
21.00
31.00
20.50
18.99
790.52
30.00
60.99
12.00
27.99
399.00
449.00
9.00
5.50
5.99
20.50
450.00
22.00
17.17
3105.00
1.29
6.00
0.82
295.00
80.00
3.99
9.99
1.25
62.00
8.50
351.00
9.99
0.01
4.80
4.45
3.65
4.25
10.50
3.23
4.80
3.74
79.00
13.00
510.00
65.00
8.99
40.00
4.25
0.69
44.50
0.01
9.99
9.52
39.93
120.00
118.99
18.50
225.00
7.98
10.99
15.50
14.51
94.95
2.75
1.75
199.99
9.99
42.00
2.75
100.00
39.95
3.25
115.87
89.95
22.53
23.50
5.99
13.00
165.00
85.00
4.60
175.00
4.75
498.90
30.99
46.80
12.75
13.00
33.00
2379.00
107.50
23.55
319.99
28.00
9.99
25.00
123.99
15.50
3.00
9.99
1295.00
18.99
150.00
21.00
63.00
45.00
19.51
29.99
152.50
9.99
31.92
2635.05
33.54
42.00
79.00
149.00
75.00
89.00
75.00
319.00
7.99
2.50
899.00
99.50
0.94
35.93
259.99
0.11
32.00
397.67
10.49
29.71
16.50
73.46
249.00
6.50
3.60
33.48
75.00
269.00
59.99
22.50
155.00
5.50
9.50
9.50
7.50
7.76
7.99
1925.00
10.05
19.99
7.49
2.99
50.00
375.00
10.99
0.97
2245.50
30.05
160.00
13.00
41.52
74.26
0.26
0.01
435.00
68.67
21.75
264.99
0.11
77.00
31.01
82.00
31.00
38.33
24.50
18.97
51.10
9.89
12.99
1.00
26.00
29.99
127.74
180.00
0.94
189.99
332.00
56.00
20.75
14.95
99.00
3.75
16.08
100.00
2.25
72.01
19.50
4.00
2.25
21.00
31.00
20.50
18.99
790.52
30.00
60.99
12.00
27.99
399.00
449.00
9.00
5.50
5.99
20.50
450.00
22.00
17.17
3105.00
1.29
6.00
0.82
295.00
80.00
3.99
9.99
1.25
62.00
8.50
351.00
9.99
0.01
4.80
4.45
3.65
4.25
10.50
3.23
4.80
3.74
79.00
13.00
510.00
65.00
8.99
40.00
4.25
0.69
44.50
0.01
9.99
9.52
39.93
120.00
118.99
18.50
225.00
7.98
10.99
15.50
14.51
94.95
2.75
1.75
199.99
9.99
42.00
2.75
100.00
39.95
3.25
115.87
89.95
22.53
23.50
5.99
13.00
165.00
85.00
4.60
175.00
4.75
498.90
30.99
46.80
12.75
13.00
33.00
2379.00
107.50
23.55
319.99
28.00
9.99
25.00
123.99
15.50
3.00
9.99
1295.00
18.99
150.00
21.00
63.00
45.00
19.51
29.99
152.50
9.99
31.92
2635.05
33.54
42.00
79.00
149.00
75.00
89.00
75.00
319.00
7.99
2.50
899.00
99.50
0.94
35.93
259.99
0.11
32.00
397.67
10.49
29.71
16.50
73.46
249.00
6.50
3.60
33.48
75.00
269.00
59.99
22.50
155.00
5.50
9.50
9.50
7.50
7.76
7.99
1925.00
10.05
19.99
7.49
2.99
50.00
375.00
10.99
0.97
2245.50
30.05
160.00
13.00
41.52
74.26
0.26
0.01
435.00
68.67
21.75
264.99
0.11
77.00
31.01
82.00
31.00
38.33
24.50
18.97
51.10
9.89
12.99
1.00
26.00
29.99
127.74
180.00
0.94
189.99
332.00
56.00
20.75
14.95
99.00
3.75
16.08
100.00
2.25
72.01
19.50
4.00
2.25
21.00
31.00
20.50
18.99
790.52
30.00
60.99
12.00
27.99
399.00
449.00
9.00
5.50
5.99
20.50
450.00
22.00
17.17
3105.00
1.29
6.00
0.82
295.00
80.00
3.99
9.99
1.25
62.00
8.50
351.00
9.99
0.01
4.80
4.45
3.65
4.25
10.50
3.23
4.80
3.74
79.00
13.00
510.00
65.00
8.99
40.00
4.25
0.69
44.50
0.01
9.99
9.52
39.93
120.00
118.99
18.50
225.00
7.98
10.99
15.50
14.51
94.95
2.75
1.75
199.99
9.99
42.00
2.75
100.00
39.95
3.25
115.87
89.95
22.53
23.50
5.99
13.00
165.00
85.00
4.60
175.00
4.75
498.90
30.99
46.80
12.75
13.00
33.00
2379.00
107.50
23.55
319.99
28.00
9.99
25.00
123.99
15.50
3.00
9.99
1295.00
18.99
150.00
21.00
63.00
45.00
19.51
29.99
152.50
9.99
31.92
2635.05
33.54
42.00
79.00
149.00
75.00
89.00
75.00
319.00
7.99
2.50
899.00
99.50
0.94
35.93
259.99
0.11
32.00
397.67
10.49
29.71
16.50
73.46
249.00
6.50
3.60
33.48
75.00
269.00
59.99
22.50
155.00
5.50
9.50
9.50
7.50
7.76
7.99
1925.00
10.05
19.99
7.49
2.99
50.00
375.00
10.99
0.97
2245.50
30.05
160.00
13.00
41.52
74.26
0.26
0.01
435.00
68.67
21.75
264.99
0.11
77.00
31.01
82.00
31.00
38.33
24.50
18.97
51.10
9.89
12.99
1.00
26.00
29.99
127.74
180.00
0.94
189.99
332.00
56.00
20.75
14.95
99.00
3.75
16.08
100.00
2.25
72.01
19.50
4.00
2.25
21.00
31.00
20.50
18.99
790.52
30.00
60.99
12.00
27.99
399.00
449.00
9.00
5.50
5.99
20.50
450.00
22.00
17.17
3105.00
1.29
6.00
0.82
295.00
80.00
3.99
9.99
1.25
62.00
8.50
351.00
9.99
0.01
4.80
4.45
3.65
4.25
10.50
3.23
4.80
3.74
79.00
13.00
510.00
65.00
8.99
40.00
4.25
0.69
44.50
0.01
9.99
9.52
39.93
120.00
118.99
18.50
225.00
7.98
10.99
15.50
14.51
94.95
2.75
1.75
199.99
9.99
42.00
2.75
100.00
39.95
3.25
115.87
89.95
22.53
23.50
5.99
13.00
165.00
85.00
4.60
175.00
4.75
498.90
30.99
46.80
12.75
13.00
33.00
2379.00
107.50
23.55
319.99
28.00
9.99
25.00
123.99
15.50
3.00
9.99
1295.00
18.99
150.00
21.00
63.00
45.00
19.51
29.99
152.50
9.99
31.92
2635.05
33.54
42.00
79.00
149.00
75.00
89.00
75.00
319.00
7.99
2.50
899.00
99.50
0.94
35.93
259.99
0.11
32.00
397.67
10.49
29.71
16.50
73.46
249.00
6.50
3.60
33.48
75.00
269.00
59.99
22.50
155.00
5.50
9.50
9.50
7.50
7.76
7.99
1925.00
10.05
19.99
7.49
2.99
50.00
375.00
10.99
0.97
2245.50
30.05
160.00
13.00
41.52
74.26
0.26
0.01
435.00
68.67
21.75
264.99
0.11
77.00
31.01
82.00
31.00
38.33
24.50
18.97
51.10
9.89
12.99
1.00
26.00
29.99
127.74
180.00
0.94
189.99
332.00
56.00
20.75
14.95
99.00
3.75
16.08
100.00
2.25
72.01
19.50
4.00
2.25
21.00
31.00
20.50
18.99
790.52
30.00
60.99
12.00
27.99
399.00
449.00
9.00
5.50
5.99
20.50
450.00
22.00
17.17
3105.00
1.29
6.00
0.82
295.00
80.00
3.99
9.99
1.25
62.00
8.50
351.00
9.99
0.01
4.80
4.45
3.65
4.25
10.50
3.23
4.80
3.74
79.00
13.00
510.00
65.00
8.99
40.00
4.25
0.69
44.50
0.01
9.99
9.52
39.93
120.00
118.99
18.50
225.00
7.98
10.99
15.50
14.51
94.95
2.75
1.75
199.99
9.99
42.00
2.75
100.00
39.95
3.25
115.87
89.95
22.53
23.50
5.99
13.00
165.00
85.00
4.60
175.00
4.75
498.90
30.99
46.80
12.75
13.00
33.00
2379.00
107.50
23.55
319.99
28.00
9.99
25.00
123.99
15.50
3.00
9.99
1295.00
18.99
150.00
21.00
63.00
45.00
19.51
29.99
152.50
9.99
31.92
2635.05
33.54
42.00
79.00
149.00
75.00
89.00
75.00
319.00
7.99
2.50
899.00
99.50
0.94
35.93
259.99
0.11
32.00
397.67
10.49
29.71
16.50
73.46
249.00
6.50
3.60
33.48
75.00
269.00
59.99
22.50
155.00
5.50
9.50
9.50
7.50
7.76
7.99
1925.00
10.05
19.99
7.49
2.99
50.00
375.00
10.99
0.97
2245.50
30.05
160.00
13.00
41.52
74.26
0.26
0.01
435.00
68.67
21.75
264.99
0.11
77.00
31.01
82.00
31.00
38.33
24.50
18.97
51.10
9.89
12.99
1.00
26.00
29.99
127.74
180.00
0.94
189.99
332.00
56.00
20.75
14.95
99.00
3.75
16.08
100.00
2.25
72.01
19.50
4.00
2.25
21.00
31.00
20.50
18.99
790.52
30.00
60.99
12.00
27.99
399.00
449.00
9.00
5.50
5.99
20.50
450.00
22.00
17.17
3105.00
1.29
6.00
0.82
295.00
80.00
3.99
9.99
1.25
62.00
8.50
351.00
9.99
0.01
4.80
4.45
3.65
4.25
10.50
3.23
4.80
3.74
79.00
13.00
510.00
65.00
8.99
40.00
4.25
0.69
44.50
0.01
9.99
9.52
39.93
120.00
118.99
18.50
225.00
7.98
10.99
15.50
14.51
94.95
2.75
1.75
199.99
9.99
42.00
2.75
100.00
39.95
3.25
115.87
89.95
22.53
23.50
5.99
13.00
165.00
85.00
4.60
175.00
4.75
498.90
30.99
46.80
12.75
13.00
33.00
2379.00
107.50
23.55
319.99
28.00
9.99
25.00
123.99
15.50
3.00
9.99
1295.00
18.99
150.00
21.00
63.00
45.00
19.51
29.99
152.50
9.99
31.92
2635.05
33.54
42.00
79.00
149.00
75.00
89.00
75.00
319.00
7.99
2.50
899.00
99.50
0.94
35.93
259.99
0.11
32.00
397.67
10.49
29.71
16.50
73.46
249.00
6.50
3.60
33.48
75.00
269.00
59.99
22.50
155.00
5.50
9.50
9.50
7.50
7.76
7.99
1925.00
10.05
19.99
7.49
2.99
50.00
375.00
10.99
0.97
2245.50
30.05
160.00
13.00
41.52
74.26
0.26
0.01
435.00
68.67
21.75
264.99
0.11
77.00
31.01
82.00
31.00
38.33
24.50
18.97
51.10
9.89
12.99
1.00
26.00
29.99
127.74
180.00
0.94
189.99
332.00
56.00
20.75
14.95
99.00
3.75
16.08
100.00
2.25
72.01
19.50
4.00
2.25
21.00
31.00
20.50
18.99
790.52
30.00
60.99
12.00
27.99
399.00
449.00
9.00
5.50
5.99
20.50
450.00
22.00
17.17
3105.00
1.29
6.00
0.82
295.00
80.00
3.99
9.99
1.25
62.00
8.50
351.00
9.99
0.01
4.80
4.45
3.65
4.25
10.50
3.23
4.80
3.74
79.00
13.00
510.00
65.00
8.99
40.00
4.25
0.69
44.50
0.01
9.99
9.52
39.93
120.00
118.99
18.50
225.00
7.98
10.99
15.50
14.51
94.95
2.75
1.75
199.99
9.99
42.00
2.75
100.00
39.95
3.25
115.87
89.95
22.53
23.50
5.99
13.00
165.00
85.00
4.60
175.00
4.75
498.90
30.99
46.80
12.75
13.00
33.00
2379.00
107.50
23.55
319.99
28.00
9.99
25.00
123.99
15.50
3.00
9.99
1295.00
18.99
150.00
21.00
63.00
45.00
19.51
29.99
152.50
9.99
31.92
2635.05
33.54
42.00
79.00
149.00
75.00
89.00
75.00
319.00
7.99
2.50
899.00
99.50
0.94
35.93
259.99
0.11
32.00
397.67
10.49
29.71
16.50
73.46
249.00
6.50
3.60
33.48
75.00
269.00
59.99
22.50
155.00
5.50
9.50
9.50
7.50
7.76
7.99
1925.00
10.05
19.99
7.49
2.99
50.00
375.00
10.99
0.97
2245.50
30.05
160.00
13.00
41.52
74.26
0.26
0.01
435.00
68.67
21.75
264.99
0.11
77.00
31.01
82.00
31.00
38.33
24.50
18.97
51.10
9.89
12.99
1.00
26.00
29.99
127.74
180.00
0.94
189.99
332.00
56.00
20.75
14.95
99.00
3.75
16.08
100.00
2.25
72.01
19.50
4.00
2.25
21.00
31.00
20.50
18.99
790.52
30.00
60.99
12.00
27.99
399.00
449.00
9.00
5.50
5.99
20.50
450.00
22.00
17.17
3105.00
1.29
6.00
0.82
295.00
80.00
3.99
9.99
1.25
62.00
8.50
351.00
9.99
0.01
4.80
4.45
3.65
4.25
10.50
3.23
4.80
3.74
79.00
13.00
510.00
65.00
8.99
40.00
4.25
0.69
44.50
0.01
9.99
9.52
39.93
120.00
118.99
18.50
225.00
7.98
10.99
15.50
14.51
94.95
2.75
1.75
199.99
9.99
42.00
2.75
100.00
39.95
3.25
115.87
89.95
22.53
23.50
5.99
13.00
165.00
85.00
4.60
175.00
4.75
498.90
30.99
46.80
12.75
13.00
33.00
2379.00
107.50
23.55
319.99
28.00
9.99
25.00
123.99
15.50
3.00
9.99
1295.00
18.99
150.00
21.00
63.00
45.00
19.51
29.99
152.50
9.99
31.92
2635.05
33.54
42.00
79.00
149.00
75.00
89.00
75.00
319.00
7.99
2.50
899.00
99.50
0.94
35.93
259.99
0.11
32.00
397.67
10.49
29.71
16.50
73.46
249.00
6.50
3.60
33.48
75.00
269.00
59.99
22.50
155.00
5.50
9.50
9.50
7.50
7.76
7.99
1925.00
10.05
19.99
7.49
2.99
50.00
375.00
10.99
0.97
2245.50
30.05
160.00
13.00
41.52
74.26
0.26
0.01
435.00
68.67
21.75
264.99
0.11
77.00
31.01
82.00
31.00
38.33
24.50
18.97
51.10
9.89
12.99
1.00
26.00
29.99
127.74
180.00
0.94
189.99
332.00
56.00
20.75
14.95
99.00
3.75
16.08
100.00
2.25
72.01
19.50
4.00
2.25
21.00
31.00
20.50
18.99
790.52
30.00
60.99
12.00
27.99
399.00
449.00
9.00
5.50
5.99
20.50
450.00
22.00
17.17
3105.00
1.29
6.00
0.82
295.00
80.00
3.99
9.99
1.25
62.00
8.50
351.00
9.99
0.01
4.80
4.45
3.65
4.25
10.50
3.23
4.80
3.74
79.00
13.00
510.00
65.00
8.99
40.00
4.25
0.69
44.50
0.01
9.99
9.52
39.93
120.00
118.99
18.50
225.00
7.98
10.99
15.50
14.51
94.95
2.75
1.75
199.99
9.99
42.00
2.75
100.00
39.95
3.25
115.87
89.95
22.53
23.50
5.99
13.00
165.00
85.00
4.60
175.00
4.75
498.90
30.99
46.80
12.75
13.00
33.00
2379.00
107.50
23.55
319.99
28.00
9.99
25.00
123.99
15.50
3.00
9.99
1295.00
18.99
150.00
21.00
63.00
45.00
19.51
29.99
152.50
9.99
31.92
2635.05
33.54
42.00
79.00
149.00
75.00
89.00
75.00
319.00
7.99
2.50
899.00
99.50
0.94
35.93
259.99
0.11
32.00
397.67
10.49
29.71
16.50
73.46
249.00
6.50
3.60
33.48
75.00
269.00
59.99
22.50
155.00
5.50
9.50
9.50
7.50
7.76
7.99
1925.00
10.05
19.99
7.49
2.99
50.00
375.00
10.99
0.97
2245.50
30.05
160.00
13.00
41.52
74.26
0.26
0.01
435.00
68.67
21.75
264.99
0.11
77.00
31.01
82.00
31.00
38.33
24.50
18.97
51.10
9.89
12.99
1.00
26.00
29.99
127.74
180.00
0.94
189.99
332.00
56.00
20.75
14.95
99.00
3.75
16.08
100.00
2.25
72.01
19.50
4.00
2.25
21.00
31.00
20.50
18.99
790.52
30.00
60.99
12.00
27.99
399.00
449.00
9.00
5.50
5.99
20.50
450.00
22.00
17.17
3105.00
1.29
6.00
0.82
295.00
80.00
3.99
9.99
1.25
62.00
8.50
351.00
9.99
0.01
4.80
4.45
3.65
4.25
10.50
3.23
4.80
3.74
79.00
13.00
510.00
65.00
8.99
40.00
4.25
0.69
44.50
0.01
9.99
9.52
39.93
120.00
118.99
18.50
225.00
7.98
10.99
15.50
14.51
94.95
2.75
1.75
199.99
9.99
42.00
2.75
100.00
39.95
3.25
115.87
89.95
22.53
23.50
5.99
13.00
165.00
85.00
4.60
175.00
4.75
498.90
30.99
46.80
12.75
13.00
33.00
2379.00
107.50
23.55
319.99
28.00
9.99
25.00
123.99
15.50
3.00
9.99
1295.00
18.99
150.00
21.00
63.00
45.00
19.51
29.99
152.50
9.99
31.92
2635.05
33.54
42.00
79.00
149.00
75.00
89.00
75.00
319.00
7.99
2.50
899.00
99.50
0.94
35.93
259.99
0.11
32.00
397.67
10.49
29.71
16.50
73.46
249.00
6.50
3.60
33.48
75.00
269.00
59.99
22.50
155.00
5.50
9.50
9.50
7.50
7.76
7.99
1925.00
10.05
19.99
7.49
2.99
50.00
375.00
10.99
0.97
2245.50
30.05
160.00
13.00
41.52
74.26
0.26
0.01
435.00
68.67
21.75
264.99
0.11
77.00
31.01
82.00
31.00
38.33
24.50
18.97
51.10
9.89
12.99
1.00
26.00
29.99
127.74
180.00
0.94
189.99
332.00
56.00
20.75
14.95
99.00
3.75
16.08
100.00
2.25
72.01
19.50
4.00
2.25
21.00
31.00
20.50
18.99
790.52
30.00
60.99
12.00
27.99
399.00
449.00
9.00
5.50
5.99
20.50
450.00
22.00
17.17
3105.00
1.29
6.00
0.82
295.00
80.00
3.99
9.99
1.25
62.00
8.50
351.00
9.99
0.01
4.80
4.45
3.65
4.25
10.50
3.23
4.80
3.74
79.00
13.00
510.00
65.00
8.99
40.00
4.25
0.69
44.50
0.01
9.99
9.52
39.93
120.00
118.99
18.50
225.00
7.98
10.99
15.50
14.51
94.95
2.75
1.75
199.99
9.99
42.00
2.75
100.00
39.95
3.25
115.87
89.95
22.53
23.50
5.99
13.00
165.00
85.00
4.60
175.00
4.75
498.90
30.99
46.80
12.75
13.00
33.00
2379.00
107.50
23.55
319.99
28.00
9.99
25.00
123.99
15.50
3.00
9.99
1295.00
18.99
150.00
21.00
63.00
45.00
19.51
29.99
152.50
9.99
31.92
2635.05
33.54
42.00
79.00
149.00
75.00
89.00
75.00
319.00
7.99
2.50
899.00
99.50
0.94
35.93
259.99
0.11
32.00
397.67
10.49
29.71
16.50
73.46
249.00
6.50
3.60
33.48
75.00
269.00
59.99
22.50
155.00
5.50
9.50
9.50
7.50
7.76
7.99
1925.00
10.05
19.99
7.49
2.99
50.00
375.00
10.99
0.97
2245.50
30.05
160.00
13.00
41.52
74.26
0.26
0.01
435.00
68.67
21.75
264.99
0.11
77.00
31.01
82.00
31.00
38.33
24.50
18.97
51.10
9.89
12.99
1.00
26.00
29.99
127.74
180.00
0.94
189.99
332.00
56.00
20.75
14.95
99.00
3.75
16.08
100.00
2.25
72.01
19.50
4.00
2.25
21.00
31.00
20.50
18.99
790.52
30.00
60.99
12.00
27.99
399.00
449.00
9.00
5.50
5.99
20.50
450.00
22.00
17.17
3105.00
1.29
6.00
0.82
295.00
80.00
3.99
9.99
1.25
62.00
8.50
351.00
9.99
0.01
4.80
4.45
3.65
4.25
10.50
3.23
4.80
3.74
79.00
13.00
510.00
65.00
8.99
40.00
4.25
0.69
44.50
0.01
9.99
9.52
39.93
120.00
118.99
18.50
225.00
7.98
10.99
15.50
14.51
94.95
2.75
1.75
199.99
9.99
42.00
2.75
100.00
39.95
3.25
115.87
89.95
22.53
23.50
5.99
13.00
165.00
85.00
4.60
175.00
4.75
498.90
30.99
46.80
12.75
13.00
33.00
2379.00
107.50
23.55
319.99
28.00
9.99
25.00
123.99
15.50
3.00
9.99
1295.00
18.99
150.00
21.00
63.00
45.00
19.51
29.99
152.50
9.99
31.92
2635.05
33.54
42.00
79.00
149.00
75.00
89.00
75.00
319.00
7.99
2.50
899.00
99.50
0.94
35.93
259.99
0.11
32.00
397.67
10.49
29.71
16.50
73.46
249.00
6.50
3.60
33.48
75.00
269.00
59.99
22.50
155.00
5.50
9.50
9.50
7.50
7.76
7.99
1925.00
10.05
19.99
7.49
2.99
50.00
375.00
10.99
0.97
2245.50
30.05
160.00
13.00
41.52
74.26
0.26
0.01
435.00
68.67
21.75
264.99
0.11
77.00
31.01
82.00
31.00
38.33
24.50
18.97
51.10
9.89
12.99
1.00
26.00
29.99
127.74
180.00
0.94
189.99
332.00
56.00
20.75
14.95
99.00
3.75
16.08
100.00
2.25
72.01
19.50
4.00
2.25
21.00
31.00
20.50
18.99
790.52
30.00
60.99
12.00
27.99
399.00
449.00
9.00
5.50
5.99
20.50
450.00
22.00
17.17
3105.00
1.29
6.00
0.82
295.00
80.00
3.99
9.99
1.25
62.00
8.50
351.00
9.99
0.01
4.80
4.45
3.65
4.25
10.50
3.23
4.80
3.74
79.00
13.00
510.00
65.00
8.99
40.00
4.25
0.69
44.50
0.01
9.99
9.52
39.93
120.00
118.99
18.50
225.00
7.98
10.99
15.50
14.51
94.95
2.75
1.75
199.99
9.99
42.00
2.75
100.00
39.95
3.25
115.87
89.95
22.53
23.50
5.99
13.00
165.00
85.00
4.60
175.00
4.75
498.90
30.99
46.80
12.75
13.00
33.00
2379.00
107.50
23.55
319.99
28.00
9.99
25.00
123.99
15.50
3.00
9.99
1295.00
18.99
150.00
21.00
63.00
45.00
19.51
29.99
152.50
9.99
31.92
2635.05
33.54
42.00
79.00
149.00
75.00
89.00
75.00
319.00
7.99
2.50
899.00
99.50
0.94
35.93
259.99
0.11
32.00
397.67
10.49
29.71
16.50
73.46
249.00
6.50
3.60
33.48
75.00
269.00
59.99
22.50
155.00
5.50
9.50
9.50
7.50
7.76
7.99
1925.00
10.05
19.99
7.49
2.99
50.00
375.00
10.99
0.97
2245.50
30.05
160.00
13.00
41.52
74.26
0.26
0.01
435.00
68.67
21.75
264.99
0.11
77.00
31.01
82.00
31.00
38.33
24.50
18.97
51.10
9.89
12.99
1.00
26.00
29.99
127.74
180.00
0.94
189.99
332.00
56.00
20.75
14.95
99.00
3.75
16.08
100.00
2.25
72.01
19.50
4.00
2.25
21.00
31.00
20.50
18.99
790.52
30.00
60.99
12.00
27.99
399.00
449.00
9.00
5.50
5.99
20.50
450.00
22.00
17.17
3105.00
1.29
6.00
0.82
295.00
80.00
3.99
9.99
1.25
62.00
8.50
351.00
9.99
0.01
4.80
4.45
3.65
4.25
10.50
3.23
4.80
3.74
79.00
13.00
510.00
65.00
8.99
40.00
4.25
0.69
44.50
0.01
9.99
9.52
39.93
120.00
118.99
18.50
225.00
7.98
10.99
15.50
14.51
94.95
2.75
1.75
199.99
9.99
42.00
2.75
100.00
39.95
3.25
115.87
89.95
22.53
23.50
5.99
13.00
165.00
85.00
4.60
175.00
4.75
498.90
30.99
46.80
12.75
13.00
33.00
2379.00
107.50
23.55
319.99
28.00
9.99
25.00
123.99
15.50
3.00
9.99
1295.00
18.99
150.00
21.00
63.00
45.00
19.51
29.99
152.50
9.99
31.92
2635.05
33.54
42.00
79.00
149.00
75.00
89.00
75.00
319.00
7.99
2.50
899.00
99.50
0.94
35.93
259.99
0.11
32.00
397.67
10.49
29.71
16.50
73.46
249.00
6.50
3.60
33.48
75.00
269.00
59.99
22.50
155.00
5.50
9.50
9.50
7.50
7.76
7.99
1925.00
10.05
19.99
7.49
2.99
50.00
375.00
10.99
0.97
2245.50
30.05
160.00
13.00
41.52
74.26
0.26
0.01
435.00
68.67
21.75
264.99
0.11
77.00
31.01
82.00
31.00
38.33
24.50
18.97
51.10
9.89
12.99
1.00
26.00
29.99
127.74
180.00
0.94
189.99
332.00
56.00
20.75
14.95
99.00
3.75
16.08
100.00
2.25
72.01
19.50
4.00
2.25
21.00
31.00
20.50
18.99
790.52
30.00
60.99
12.00
27.99
399.00
449.00
9.00
5.50
5.99
20.50
450.00
22.00
17.17
3105.00
1.29
6.00
0.82
295.00
80.00
3.99
9.99
1.25
62.00
8.50
351.00
9.99
0.01
4.80
4.45
3.65
4.25
10.50
3.23
4.80
3.74
79.00
13.00
510.00
65.00
8.99
40.00
4.25
0.69
44.50
0.01
9.99
9.52
39.93
120.00
118.99
18.50
225.00
7.98
10.99
15.50
14.51
94.95
2.75
1.75
199.99
9.99
42.00
2.75
100.00
39.95
3.25
115.87
89.95
22.53
23.50
5.99
13.00
165.00
85.00
4.60
175.00
4.75
498.90
30.99
46.80
12.75
13.00
33.00
2379.00
107.50
23.55
319.99
28.00
9.99
25.00
123.99
15.50
3.00
9.99
1295.00
18.99
150.00
21.00
63.00
45.00
19.51
29.99
152.50
9.99
31.92
2635.05
33.54
42.00
79.00
149.00
75.00
89.00
75.00
319.00
7.99
2.50
899.00
99.50
0.94
35.93
259.99
0.11
32.00
397.67
10.49
29.71
16.50
73.46
249.00
6.50
3.60
33.48
75.00
269.00
59.99
22.50
155.00
5.50
9.50
9.50
7.50
7.76
7.99
1925.00
10.05
19.99
7.49
2.99
50.00
375.00
10.99
0.97
2245.50
30.05
160.00
13.00
41.52
74.26
0.26
0.01
435.00
68.67
21.75
264.99
0.11
77.00
31.01
82.00
31.00
38.33
24.50
18.97
51.10
9.89
12.99
1.00
26.00
29.99
127.74
180.00
0.94
189.99
332.00
56.00
20.75
14.95
99.00
3.75
16.08
100.00
2.25
72.01
19.50
4.00
2.25
21.00
31.00
20.50
18.99
790.52
30.00
60.99
12.00
27.99
399.00
449.00
9.00
5.50
5.99
20.50
450.00
22.00
17.17
3105.00
1.29
6.00
0.82
295.00
80.00
3.99
9.99
1.25
62.00
8.50
351.00
9.99
0.01
4.80
4.45
3.65
4.25
10.50
3.23
4.80
3.74
79.00
13.00
510.00
65.00
8.99
40.00
4.25
0.69
44.50
0.01
9.99
9.52
39.93
120.00
118.99
18.50
225.00
7.98
10.99
15.50
14.51
94.95
2.75
1.75
199.99
9.99
42.00
2.75
100.00
39.95
3.25
115.87
89.95
22.53
23.50
5.99
13.00
165.00
85.00
4.60
175.00
4.75
498.90
30.99
46.80
12.75
13.00
33.00
2379.00
107.50
23.55
319.99
28.00
9.99
25.00
123.99
15.50
3.00
9.99
1295.00
18.99
150.00
21.00
63.00
45.00
19.51
29.99
152.50
9.99
31.92
2635.05
33.54
42.00
79.00
149.00
75.00
89.00
75.00
319.00
7.99
2.50
899.00
99.50
0.94
35.93
259.99
0.11
32.00
397.67
10.49
29.71
16.50
73.46
249.00
6.50
3.60
33.48
75.00
269.00
59.99
22.50
155.00
5.50
9.50
9.50
7.50
7.76
7.99
1925.00
10.05
19.99
7.49
2.99
50.00
375.00
10.99
0.97
2245.50
30.05
160.00
13.00
41.52
74.26
0.26
0.01
435.00
68.67
21.75
264.99
0.11
77.00
31.01
82.00
31.00
38.33
24.50
18.97
51.10
9.89
12.99
1.00
26.00
29.99
127.74
180.00
0.94
189.99
332.00
56.00
20.75
14.95
99.00
3.75
16.08
100.00
2.25
72.01
19.50
4.00
2.25
21.00
31.00
20.50
18.99
790.52
30.00
60.99
12.00
27.99
399.00
449.00
9.00
5.50
5.99
20.50
450.00
22.00
17.17
3105.00
1.29
6.00
0.82
295.00
80.00
3.99
9.99
1.25
62.00
8.50
351.00
9.99
0.01
4.80
4.45
3.65
4.25
10.50
3.23
4.80
3.74
79.00
13.00
510.00
65.00
8.99
40.00
4.25
0.69
44.50
0.01
9.99
9.52
39.93
120.00
118.99
18.50
225.00
7.98
10.99
15.50
14.51
94.95
2.75
1.75
199.99
9.99
42.00
2.75
100.00
39.95
3.25
115.87
89.95
22.53
23.50
5.99
13.00
165.00
85.00
4.60
175.00
4.75
498.90
30.99
46.80
12.75
13.00
33.00
2379.00
107.50
23.55
319.99
28.00
9.99
25.00
123.99
15.50
3.00
9.99
1295.00
18.99
150.00
21.00
63.00
45.00
19.51
29.99
152.50
9.99
31.92
2635.05
33.54
42.00
79.00
149.00
75.00
89.00
75.00
319.00
7.99
2.50
899.00
99.50
0.94
35.93
259.99
0.11
32.00
397.67
10.49
29.71
16.50
73.46
249.00
6.50
3.60
33.48
75.00
269.00
59.99
22.50
155.00
5.50
9.50
9.50
7.50
7.76
7.99
1925.00
10.05
19.99
7.49
2.99
50.00
375.00
10.99
0.97
2245.50
30.05
160.00
13.00
41.52
74.26
0.26
0.01
435.00
68.67
21.75
264.99
0.11
77.00
31.01
82.00
31.00
38.33
24.50
18.97
51.10
9.89
12.99
1.00
26.00
29.99
127.74
180.00
0.94
189.99
332.00
56.00
20.75
14.95
99.00
3.75
16.08
100.00
2.25
72.01
19.50
4.00
2.25
21.00
31.00
20.50
18.99
790.52
30.00
60.99
12.00
27.99
399.00
449.00
9.00
5.50
5.99
20.50
450.00
22.00
17.17
3105.00
1.29
6.00
0.82
295.00
80.00
3.99
9.99
1.25
62.00
8.50
351.00
9.99
0.01
4.80
4.45
3.65
4.25
10.50
3.23
4.80
3.74
79.00
13.00
510.00
65.00
8.99
40.00
4.25
0.69
44.50
0.01
9.99
9.52
39.93
120.00
118.99
18.50
225.00
7.98
10.99
15.50
14.51
94.95
2.75
1.75
199.99
9.99
42.00
2.75
100.00
39.95
3.25
115.87
89.95
22.53
23.50
5.99
13.00
165.00
85.00
4.60
175.00
4.75
498.90
30.99
46.80
12.75
13.00
33.00
2379.00
107.50
23.55
319.99
28.00
9.99
25.00
123.99
15.50
3.00
9.99
1295.00
18.99
150.00
21.00
63.00
45.00
19.51
29.99
152.50
9.99
31.92
2635.05
33.54
42.00
79.00
149.00
75.00
89.00
75.00
319.00
7.99
2.50
899.00
99.50
0.94
35.93
259.99
0.11
32.00
397.67
10.49
29.71
16.50
73.46
249.00
6.50
3.60
33.48
75.00
269.00
59.99
22.50
155.00
5.50
9.50
9.50
7.50
7.76
7.99
1925.00
10.05
19.99
7.49
2.99
50.00
375.00
10.99
0.97
2245.50
30.05
160.00
13.00
41.52
74.26
0.26
0.01
435.00
68.67
21.75
264.99
0.11
77.00
31.01
82.00
31.00
38.33
24.50
18.97
51.10
9.89
12.99
1.00
26.00
29.99
127.74
180.00
0.94
189.99
332.00
56.00
20.75
14.95
99.00
3.75
16.08
100.00
2.25
72.01
19.50
4.00
2.25
21.00
31.00
20.50
18.99
790.52
30.00
60.99
12.00
27.99
399.00
449.00
9.00
5.50
5.99
20.50
450.00
22.00
17.17
3105.00
1.29
6.00
0.82
295.00
80.00
3.99
9.99
1.25
62.00
8.50
351.00
9.99
0.01
4.80
4.45
3.65
4.25
10.50
3.23
4.80
3.74
79.00
13.00
510.00
65.00
8.99
40.00
4.25
0.69
44.50
0.01
9.99
9.52
39.93
120.00
118.99
18.50
225.00
7.98
10.99
15.50
14.51
94.95
2.75
1.75
199.99
9.99
42.00
2.75
100.00
39.95
3.25
115.87
89.95
22.53
23.50
5.99
13.00
165.00
85.00
4.60
175.00
4.75
498.90
30.99
46.80
12.75
13.00
33.00
2379.00
107.50
23.55
319.99
28.00
9.99
25.00
123.99
15.50
3.00
9.99
1295.00
18.99
150.00
21.00
63.00
45.00
19.51
29.99
152.50
9.99
31.92
2635.05
33.54
42.00
79.00
149.00
75.00
89.00
75.00
319.00
7.99
2.50
899.00
99.50
0.94
35.93
259.99
0.11
32.00
397.67
10.49
29.71
16.50
73.46
249.00
6.50
3.60
33.48
75.00
269.00
59.99
22.50
155.00
5.50
9.50
9.50
7.50
7.76
7.99
1925.00
10.05
19.99
7.49
2.99
50.00
375.00
10.99
0.97
2245.50
30.05
160.00
13.00
41.52
74.26
0.26
0.01
435.00
68.67
21.75
264.99
0.11
77.00
31.01
82.00
31.00
38.33
24.50
18.97
51.10
9.89
12.99
1.00
26.00
29.99
127.74
180.00
0.94
189.99
332.00
56.00
20.75
14.95
99.00
3.75
16.08
100.00
2.25
72.01
19.50
4.00
2.25
21.00
31.00
20.50
18.99
790.52
30.00
60.99
12.00
27.99
399.00
449.00
9.00
5.50
5.99
20.50
450.00
22.00
17.17
3105.00
1.29
6.00
0.82
295.00
80.00
3.99
9.99
1.25
62.00
8.50
351.00
9.99
0.01
4.80
4.45
3.65
4.25
10.50
3.23
4.80
3.74
79.00
13.00
510.00
65.00
8.99
40.00
4.25
0.69
44.50
0.01
9.99
9.52
39.93
120.00
118.99
18.50
225.00
7.98
10.99
15.50
14.51
94.95
2.75
1.75
199.99
9.99
42.00
2.75
100.00
39.95
3.25
115.87
89.95
22.53
23.50
5.99
13.00
165.00
85.00
4.60
175.00
4.75
498.90
30.99
46.80
12.75
13.00
33.00
2379.00
107.50
23.55
319.99
28.00
9.99
25.00
123.99
15.50
3.00
9.99
1295.00
18.99
150.00
21.00
63.00
45.00
19.51
29.99
152.50
9.99
31.92
2635.05
33.54
42.00
79.00
149.00
75.00
89.00
75.00
319.00
7.99
2.50
899.00
99.50
0.94
35.93
259.99
0.11
32.00
397.67
10.49
29.71
16.50
73.46
249.00
6.50
3.60
33.48
75.00
269.00
59.99
22.50
155.00
5.50
9.50
9.50
7.50
7.76
7.99
1925.00
10.05
19.99
7.49
2.99
50.00
375.00
10.99
0.97
2245.50
30.05
160.00
13.00
41.52
74.26
0.26
0.01
435.00
68.67
21.75
264.99
0.11
77.00
31.01
82.00
31.00
38.33
24.50
18.97
51.10
9.89
12.99
1.00
26.00
29.99
127.74
180.00
0.94
189.99
332.00
56.00
20.75
14.95
99.00
3.75
16.08
100.00
2.25
72.01
19.50
4.00
2.25
21.00
31.00
20.50
18.99
790.52
30.00
60.99
12.00
27.99
399.00
449.00
9.00
5.50
5.99
20.50
450.00
22.00
17.17
3105.00
1.29
6.00
0.82
295.00
80.00
3.99
9.99
1.25
62.00
8.50
351.00
9.99
0.01
4.80
4.45
3.65
4.25
10.50
3.23
4.80
3.74
79.00
13.00
510.00
65.00
8.99
40.00
4.25
0.69
44.50
0.01
9.99
9.52
39.93
120.00
118.99
18.50
225.00
7.98
10.99
15.50
14.51
94.95
2.75
1.75
199.99
9.99
42.00
2.75
100.00
39.95
3.25
115.87
89.95
22.53
23.50
5.99
13.00
165.00
85.00
4.60
175.00
4.75
498.90
30.99
46.80
12.75
13.00
33.00
2379.00
107.50
23.55
319.99
28.00
9.99
25.00
123.99
15.50
3.00
9.99
1295.00
18.99
150.00
21.00
63.00
45.00
19.51
29.99
152.50
9.99
31.92
2635.05
33.54
42.00
79.00
149.00
75.00
89.00
75.00
319.00
7.99
2.50
899.00
99.50
0.94
35.93
259.99
0.11
32.00
397.67
10.49
29.71
16.50
73.46
249.00
6.50
3.60
33.48
75.00
269.00
59.99
22.50
155.00
5.50
9.50
9.50
7.50
7.76
7.99
1925.00
10.05
19.99
7.49
2.99
50.00
375.00
10.99
0.97
2245.50
30.05
160.00
13.00
41.52
74.26
0.26
0.01
435.00
68.67
21.75
264.99
0.11
77.00
31.01
82.00
31.00
38.33
24.50
18.97
51.10
9.89
12.99
1.00
26.00
29.99
127.74
180.00
0.94
189.99
332.00
56.00
20.75
14.95
99.00
3.75
16.08
100.00
2.25
72.01
19.50
4.00
2.25
21.00
31.00
20.50
18.99
790.52
30.00
60.99
12.00
27.99
399.00
449.00
9.00
5.50
5.99
20.50
450.00
22.00
17.17
3105.00
1.29
6.00
0.82
295.00
80.00
3.99
9.99
1.25
62.00
8.50
351.00
9.99
0.01
4.80
4.45
3.65
4.25
10.50
3.23
4.80
3.74
79.00
13.00
510.00
65.00
8.99
40.00
4.25
0.69
44.50
0.01
9.99
9.52
39.93
120.00
118.99
18.50
225.00
7.98
10.99
15.50
14.51
94.95
2.75
1.75
199.99
9.99
42.00
2.75
100.00
39.95
3.25
115.87
89.95
22.53
23.50
5.99
13.00
165.00
85.00
4.60
175.00
4.75
498.90
30.99
46.80
12.75
13.00
33.00
2379.00
107.50
23.55
319.99
28.00
9.99
25.00
123.99
15.50
3.00
9.99
1295.00
18.99
150.00
21.00
63.00
45.00
19.51
29.99
152.50
9.99
31.92
2635.05
33.54
42.00
79.00
149.00
75.00
89.00
75.00
319.00
7.99
2.50
899.00
99.50
0.94
35.93
259.99
0.11
32.00
397.67
10.49
29.71
16.50
73.46
249.00
6.50
3.60
33.48
75.00
269.00
59.99
22.50
155.00
5.50
9.50
9.50
7.50
7.76
7.99
1925.00
10.05
19.99
7.49
2.99
50.00
375.00
10.99
0.97
2245.50
30.05
160.00
13.00
41.52
74.26
0.26
0.01
435.00
68.67
21.75
264.99
0.11
77.00
31.01
82.00
31.00
38.33
24.50
18.97
51.10
9.89
12.99
1.00
26.00
29.99
127.74
180.00
0.94
189.99
332.00
56.00
20.75
14.95
99.00
3.75
16.08
100.00
2.25
72.01
19.50
4.00
2.25
21.00
31.00
20.50
18.99
790.52
30.00
60.99
12.00
27.99
399.00
449.00
9.00
5.50
5.99
20.50
450.00
22.00
17.17
3105.00
1.29
6.00
0.82
295.00
80.00
3.99
9.99
1.25
62.00
8.50
351.00
9.99
0.01
4.80
4.45
3.65
4.25
10.50
3.23
4.80
3.74
79.00
13.00
510.00
65.00
8.99
40.00
4.25
0.69
44.50
0.01
9.99
9.52
39.93
120.00
118.99
18.50
225.00
7.98
10.99
15.50
14.51
94.95
2.75
1.75
199.99
9.99
42.00
2.75
100.00
39.95
3.25
115.87
89.95
22.53
23.50
5.99
13.00
165.00
85.00
4.60
175.00
4.75
498.90
30.99
46.80
12.75
13.00
33.00
2379.00
107.50
23.55
319.99
28.00
9.99
25.00
123.99
15.50
3.00
9.99
1295.00
18.99
150.00
21.00
63.00
45.00
19.51
29.99
152.50
9.99
31.92
2635.05
33.54
42.00
79.00
149.00
75.00
89.00
75.00
319.00
7.99
2.50
899.00
99.50
0.94
35.93
259.99
0.11
32.00
397.67
10.49
29.71
16.50
73.46
249.00
6.50
3.60
33.48
75.00
269.00
59.99
22.50
155.00
5.50
9.50
9.50
7.50
7.76
7.99
1925.00
10.05
19.99
7.49
2.99
50.00
375.00
10.99
0.97
2245.50
30.05
160.00
13.00
41.52
74.26
0.26
0.01
435.00
68.67
21.75
264.99
0.11
77.00
31.01
82.00
31.00
38.33
24.50
18.97
51.10
9.89
12.99
1.00
26.00
29.99
127.74
180.00
0.94
189.99
332.00
56.00
20.75
14.95
99.00
3.75
16.08
100.00
2.25
72.01
19.50
4.00
2.25
21.00
31.00
20.50
18.99
790.52
30.00
60.99
12.00
27.99
399.00
449.00
9.00
5.50
5.99
20.50
450.00
22.00
17.17
3105.00
1.29
6.00
0.82
295.00
80.00
3.99
9.99
1.25
62.00
8.50
351.00
9.99
0.01
4.80
4.45
3.65
4.25
10.50
3.23
4.80
3.74
79.00
13.00
510.00
65.00
8.99
40.00
4.25
0.69
44.50
0.01
9.99
9.52
39.93
120.00
118.99
18.50
225.00
7.98
10.99
15.50
14.51
94.95
2.75
1.75
199.99
9.99
42.00
2.75
100.00
39.95
3.25
115.87
89.95
22.53
23.50
5.99
13.00
165.00
85.00
4.60
175.00
4.75
498.90
30.99
46.80
12.75
13.00
33.00
2379.00
107.50
23.55
319.99
28.00
9.99
25.00
123.99
15.50
3.00
9.99
1295.00
18.99
150.00
21.00
63.00
45.00
19.51
29.99
152.50
9.99
31.92
2635.05
33.54
42.00
79.00
149.00
75.00
89.00
75.00
319.00
7.99
2.50
899.00
99.50
0.94
35.93
259.99
0.11
32.00
397.67
10.49
29.71
16.50
73.46
249.00
6.50
3.60
33.48
75.00
269.00
59.99
22.50
155.00
5.50
9.50
9.50
7.50
7.76
7.99
1925.00
10.05
19.99
7.49
2.99
50.00
375.00
10.99
0.97
2245.50
30.05
160.00
13.00
41.52
74.26
0.26
0.01
435.00
68.67
21.75
264.99
0.11
77.00
31.01
82.00
31.00
38.33
24.50
18.97
51.10
9.89
12.99
1.00
26.00
29.99
127.74
180.00
0.94
189.99
332.00
56.00
20.75
14.95
99.00
3.75
16.08
100.00
2.25
72.01
19.50
4.00
2.25
21.00
31.00
20.50
18.99
790.52
30.00
60.99
12.00
27.99
399.00
449.00
9.00
5.50
5.99
20.50
450.00
22.00
17.17
3105.00
1.29
6.00
0.82
295.00
80.00
3.99
9.99
1.25
62.00
8.50
351.00
9.99
0.01
4.80
4.45
3.65
4.25
10.50
3.23
4.80
3.74
79.00
13.00
510.00
65.00
8.99
40.00
4.25
0.69
44.50
0.01
9.99
9.52
39.93
120.00
118.99
18.50
225.00
7.98
10.99
15.50
14.51
94.95
2.75
1.75
199.99
9.99
42.00
2.75
100.00
39.95
3.25
115.87
89.95
22.53
23.50
5.99
13.00
165.00
85.00
4.60
175.00
4.75
498.90
30.99
46.80
12.75
13.00
33.00
2379.00
107.50
23.55
319.99
28.00
9.99
25.00
123.99
15.50
3.00
9.99
1295.00
18.99
150.00
21.00
63.00
45.00
19.51
29.99
152.50
9.99
31.92
2635.05
33.54
42.00
79.00
149.00
75.00
89.00
75.00
319.00
7.99
2.50
899.00
99.50
0.94
35.93
259.99
0.11
32.00
397.67
10.49
29.71
16.50
73.46
249.00
6.50
3.60
33.48
75.00
269.00
59.99
22.50
155.00
5.50
9.50
9.50
7.50
7.76
7.99
1925.00
10.05
19.99
7.49
2.99
50.00
375.00
10.99
0.97
2245.50
30.05
160.00
13.00
41.52
74.26
0.26
0.01
435.00
68.67
21.75
264.99
0.11
77.00
31.01
82.00
31.00
38.33
24.50
18.97
51.10
9.89
12.99
1.00
26.00
29.99
127.74
180.00
0.94
189.99
332.00
56.00
20.75
14.95
99.00
3.75
16.08
100.00
2.25
72.01
19.50
4.00
2.25
21.00
31.00
20.50
18.99
790.52
30.00
60.99
12.00
27.99
399.00
449.00
9.00
5.50
5.99
20.50
450.00
22.00
17.17
3105.00
1.29
6.00
0.82
295.00
80.00
3.99
9.99
1.25
62.00
8.50
351.00
9.99
0.01
4.80
4.45
3.65
4.25
10.50
3.23
4.80
3.74
79.00
13.00
510.00
65.00
8.99
40.00
4.25
0.69
44.50
0.01
9.99
9.52
39.93
120.00
118.99
18.50
225.00
7.98
10.99
15.50
14.51
94.95
2.75
1.75
199.99
9.99
42.00
2.75
100.00
39.95
3.25
115.87
89.95
22.53
23.50
5.99
13.00
165.00
85.00
4.60
175.00
4.75
498.90
30.99
46.80
12.75
13.00
33.00
2379.00
107.50
23.55
319.99
28.00
9.99
25.00
123.99
15.50
3.00
9.99
1295.00
18.99
150.00
21.00
63.00
45.00
19.51
29.99
152.50
9.99
31.92
2635.05
33.54
42.00
79.00
149.00
75.00
89.00
75.00
319.00
7.99
2.50
899.00
99.50
0.94
35.93
259.99
0.11
32.00
397.67
10.49
29.71
16.50
73.46
249.00
6.50
3.60
33.48
75.00
269.00
59.99
22.50
155.00
5.50
9.50
9.50
7.50
7.76
7.99
1925.00
10.05
19.99
7.49
2.99
50.00
375.00
10.99
0.97
2245.50
30.05
160.00
13.00
41.52
74.26
0.26
0.01
435.00
68.67
21.75
264.99
0.11
77.00
31.01
82.00
31.00
38.33
24.50
18.97
51.10
9.89
12.99
1.00
26.00
29.99
127.74
180.00
0.94
189.99
332.00
56.00
20.75
14.95
99.00
3.75
16.08
100.00
2.25
72.01
19.50
4.00
2.25
21.00
31.00
20.50
18.99
790.52
30.00
60.99
12.00
27.99
399.00
449.00
9.00
5.50
5.99
20.50
450.00
22.00
17.17
3105.00
1.29
6.00
0.82
295.00
80.00
3.99
9.99
1.25
62.00
8.50
351.00
9.99
0.01
4.80
4.45
3.65
4.25
10.50
3.23
4.80
3.74
79.00
13.00
510.00
65.00
8.99
40.00
4.25
0.69
44.50
0.01
9.99
9.52
39.93
120.00
118.99
18.50
225.00
7.98
10.99
15.50
14.51
94.95
2.75
1.75
199.99
9.99
42.00
2.75
100.00
39.95
3.25
115.87
89.95
22.53
23.50
5.99
13.00
165.00
85.00
4.60
175.00
4.75
498.90
30.99
46.80
12.75
13.00
33.00
2379.00
107.50
23.55
319.99
28.00
9.99
25.00
123.99
15.50
3.00
9.99
1295.00
18.99
150.00
21.00
63.00
45.00
19.51
29.99
152.50
9.99
31.92
2635.05
33.54
42.00
79.00
149.00
75.00
89.00
75.00
319.00
7.99
2.50
899.00
99.50
0.94
35.93
259.99
0.11
32.00
397.67
10.49
29.71
16.50
73.46
249.00
6.50
3.60
33.48
75.00
269.00
59.99
22.50
155.00
5.50
9.50
9.50
7.50
7.76
7.99
1925.00
10.05
19.99
7.49
2.99
50.00
375.00
10.99
0.97
2245.50
30.05
160.00
13.00
41.52
74.26
0.26
0.01
435.00
68.67
21.75
264.99
0.11
77.00
31.01
82.00
31.00
38.33
24.50
18.97
51.10
9.89
12.99
1.00
26.00
29.99
127.74
180.00
0.94
189.99
332.00
56.00
20.75
14.95
99.00
3.75
16.08
100.00
2.25
72.01
19.50
4.00
2.25
21.00
31.00
20.50
18.99
790.52
30.00
60.99
12.00
27.99
399.00
449.00
9.00
5.50
5.99
20.50
450.00
22.00
17.17
3105.00
1.29
6.00
0.82
295.00
80.00
3.99
9.99
1.25
62.00
8.50
351.00
9.99
0.01
4.80
4.45
3.65
4.25
10.50
3.23
4.80
3.74
79.00
13.00
510.00
65.00
8.99
40.00
4.25
0.69
44.50
0.01
9.99
9.52
39.93
120.00
118.99
18.50
225.00
7.98
10.99
15.50
14.51
94.95
2.75
1.75
199.99
9.99
42.00
2.75
100.00
39.95
3.25
115.87
89.95
22.53
23.50
5.99
13.00
165.00
85.00
4.60
175.00
4.75
498.90
30.99
46.80
12.75
13.00
33.00
2379.00
107.50
23.55
319.99
28.00
9.99
25.00
123.99
15.50
3.00
9.99
1295.00
18.99
150.00
21.00
63.00
45.00
19.51
29.99
152.50
9.99
31.92
2635.05
33.54
42.00
79.00
149.00
75.00
89.00
75.00
319.00
7.99
2.50
899.00
99.50
0.94
35.93
259.99
0.11
32.00
397.67
10.49
29.71
16.50
73.46
249.00
6.50
3.60
33.48
75.00
269.00
59.99
22.50
155.00
5.50
9.50
9.50
7.50
7.76
7.99
1925.00
10.05
19.99
7.49
2.99
50.00
375.00
10.99
0.97
2245.50
30.05
160.00
13.00
41.52
74.26
0.26
0.01
435.00
68.67
21.75
264.99
0.11
77.00
31.01
82.00
31.00
38.33
24.50
18.97
51.10
9.89
12.99
1.00
26.00
29.99
127.74
180.00
0.94
189.99
332.00
56.00
20.75
14.95
99.00
3.75
16.08
100.00
2.25
72.01
19.50
4.00
2.25
21.00
31.00
20.50
18.99
790.52
30.00
60.99
12.00
27.99
399.00
449.00
9.00
5.50
5.99
20.50
450.00
22.00
17.17
3105.00
1.29
6.00
0.82
295.00
80.00
3.99
9.99
1.25
62.00
8.50
351.00
9.99
0.01
4.80
4.45
3.65
4.25
10.50
3.23
4.80
3.74
79.00
13.00
510.00
65.00
8.99
40.00
4.25
0.69
44.50
0.01
9.99
9.52
39.93
120.00
118.99
18.50
225.00
7.98
10.99
15.50
14.51
94.95
2.75
1.75
199.99
9.99
42.00
2.75
100.00
39.95
3.25
115.87
89.95
22.53
23.50
5.99
13.00
165.00
85.00
4.60
175.00
4.75
498.90
30.99
46.80
12.75
13.00
33.00
2379.00
107.50
23.55
319.99
28.00
9.99
25.00
123.99
15.50
3.00
9.99
1295.00
18.99
150.00
21.00
63.00
45.00
19.51
29.99
152.50
9.99
31.92
2635.05
33.54
42.00
79.00
149.00
75.00
89.00
75.00
319.00
7.99
2.50
899.00
99.50
0.94
35.93
259.99
0.11
32.00
397.67
10.49
29.71
16.50
73.46
249.00
6.50
3.60
33.48
75.00
269.00
59.99
22.50
155.00
5.50
9.50
9.50
7.50
7.76
7.99
1925.00
10.05
19.99
7.49
2.99
50.00
375.00
10.99
0.97
2245.50
30.05
160.00
13.00
41.52
74.26
0.26
0.01
435.00
68.67
21.75
264.99
0.11
77.00
31.01
82.00
31.00
38.33
24.50
18.97
51.10
9.89
12.99
1.00
26.00
29.99
127.74
180.00
0.94
189.99
332.00
56.00
20.75
14.95
99.00
3.75
16.08
100.00
2.25
72.01
19.50
4.00
2.25
21.00
31.00
20.50
18.99
790.52
30.00
60.99
12.00
27.99
399.00
449.00
9.00
5.50
5.99
20.50
450.00
22.00
17.17
3105.00
1.29
6.00
0.82
295.00
80.00
3.99
9.99
1.25
62.00
8.50
351.00
9.99
0.01
4.80
4.45
3.65
4.25
10.50
3.23
4.80
3.74
79.00
13.00
510.00
65.00
8.99
40.00
4.25
0.69
44.50
0.01
9.99
9.52
39.93
120.00
118.99
18.50
225.00
7.98
10.99
15.50
14.51
94.95
2.75
1.75
199.99
9.99
42.00
2.75
100.00
39.95
3.25
115.87
89.95
22.53
23.50
5.99
13.00
165.00
85.00
4.60
175.00
4.75
498.90
30.99
46.80
12.75
13.00
33.00
2379.00
107.50
23.55
319.99
28.00
9.99
25.00
123.99
15.50
3.00
9.99
1295.00
18.99
150.00
21.00
63.00
45.00
19.51
29.99
152.50
9.99
31.92
2635.05
33.54
42.00
79.00
149.00
75.00
89.00
75.00
319.00
7.99
2.50
899.00
99.50
0.94
35.93
259.99
0.11
32.00
397.67
10.49
29.71
16.50
73.46
249.00
6.50
3.60
33.48
75.00
269.00
59.99
22.50
155.00
5.50
9.50
9.50
7.50
7.76
7.99
1925.00
10.05
19.99
7.49
2.99
50.00
375.00
10.99
0.97
2245.50
30.05
160.00
13.00
41.52
74.26
0.26
0.01
435.00
68.67
21.75
264.99
0.11
77.00
31.01
82.00
31.00
38.33
24.50
18.97
51.10
9.89
12.99
1.00
26.00
29.99
127.74
180.00
0.94
189.99
332.00
56.00
20.75
14.95
99.00
3.75
16.08
100.00
2.25
72.01
19.50
4.00
2.25
21.00
31.00
20.50
18.99
790.52
30.00
60.99
12.00
27.99
399.00
449.00
9.00
5.50
5.99
20.50
450.00
22.00
17.17
3105.00
1.29
6.00
0.82
295.00
80.00
3.99
9.99
1.25
62.00
8.50
351.00
9.99
0.01
4.80
4.45
3.65
4.25
10.50
3.23
4.80
3.74
79.00
13.00
510.00
65.00
8.99
40.00
4.25
0.69
44.50
0.01
9.99
9.52
39.93
120.00
118.99
18.50
225.00
7.98
10.99
15.50
14.51
94.95
2.75
1.75
199.99
9.99
42.00
2.75
100.00
39.95
3.25
115.87
89.95
22.53
23.50
5.99
13.00
165.00
85.00
4.60
175.00
4.75
498.90
30.99
46.80
12.75
13.00
33.00
2379.00
107.50
23.55
319.99
28.00
9.99
25.00
123.99
15.50
3.00
9.99
1295.00
18.99
150.00
21.00
63.00
45.00
19.51
29.99
152.50
9.99
31.92
2635.05
33.54
42.00
79.00
149.00
75.00
89.00
75.00
319.00
7.99
2.50
899.00
99.50
0.94
35.93
259.99
0.11
32.00
397.67
10.49
29.71
16.50
73.46
249.00
6.50
3.60
33.48
75.00
269.00
59.99
22.50
155.00
5.50
9.50
9.50
7.50
7.76
7.99
1925.00
10.05
19.99
7.49
2.99
50.00
375.00
10.99
0.97
2245.50
30.05
160.00
13.00
41.52
74.26
0.26
0.01
435.00
68.67
21.75
264.99
0.11
77.00
31.01
82.00
31.00
38.33
24.50
18.97
51.10
9.89
12.99
1.00
26.00
29.99
127.74
180.00
0.94
189.99
332.00
56.00
20.75
14.95
99.00
3.75
16.08
100.00
2.25
72.01
19.50
4.00
2.25
21.00
31.00
20.50
18.99
790.52
30.00
60.99
12.00
27.99
399.00
449.00
9.00
5.50
5.99
20.50
450.00
22.00
17.17
3105.00
1.29
6.00
0.82
295.00
80.00
3.99
9.99
1.25
62.00
8.50
351.00
9.99
0.01
4.80
4.45
3.65
4.25
10.50
3.23
4.80
3.74
79.00
13.00
510.00
65.00
8.99
40.00
4.25
0.69
44.50
0.01
9.99
9.52
39.93
120.00
118.99
18.50
225.00
7.98
10.99
15.50
14.51
94.95
2.75
1.75
199.99
9.99
42.00
2.75
100.00
39.95
3.25
115.87
89.95
22.53
23.50
5.99
13.00
165.00
85.00
4.60
175.00
4.75
498.90
30.99
46.80
12.75
13.00
33.00
2379.00
107.50
23.55
319.99
28.00
9.99
25.00
123.99
15.50
3.00
9.99
1295.00
18.99
150.00
21.00
63.00
45.00
19.51
29.99
152.50
9.99
31.92
2635.05
33.54
42.00
79.00
149.00
75.00
89.00
75.00
319.00
7.99
2.50
899.00
99.50
0.94
35.93
259.99
0.11
32.00
397.67
10.49
29.71
16.50
73.46
249.00
6.50
3.60
33.48
75.00
269.00
59.99
22.50
155.00
5.50
9.50
9.50
7.50
7.76
7.99
1925.00
10.05
19.99
7.49
2.99
50.00
375.00
10.99
0.97
2245.50
30.05
160.00
13.00
41.52
74.26
0.26
0.01
435.00
68.67
21.75
264.99
0.11
77.00
31.01
82.00
31.00
38.33
24.50
18.97
51.10
9.89
12.99
1.00
26.00
29.99
127.74
180.00
0.94
189.99
332.00
56.00
20.75
14.95
99.00
3.75
16.08
100.00
2.25
72.01
19.50
4.00
2.25
21.00
31.00
20.50
18.99
790.52
30.00
60.99
12.00
27.99
399.00
449.00
9.00
5.50
5.99
20.50
450.00
22.00
17.17
3105.00
1.29
6.00
0.82
295.00
80.00
3.99
9.99
1.25
62.00
8.50
351.00
9.99
0.01
4.80
4.45
3.65
4.25
10.50
3.23
4.80
3.74
79.00
13.00
510.00
65.00
8.99
40.00
4.25
0.69
44.50
0.01
9.99
9.52
39.93
120.00
118.99
18.50
225.00
7.98
10.99
15.50
14.51
94.95
2.75
1.75
199.99
9.99
42.00
2.75
100.00
39.95
3.25
115.87
89.95
22.53
23.50
5.99
13.00
165.00
85.00
4.60
175.00
4.75
498.90
30.99
46.80
12.75
13.00
33.00
2379.00
107.50
23.55
319.99
28.00
9.99
25.00
123.99
15.50
3.00
9.99
1295.00
18.99
150.00
21.00
63.00
45.00
19.51
29.99
152.50
9.99
31.92
2635.05
33.54
42.00
79.00
149.00
75.00
89.00
75.00
319.00
7.99
2.50
899.00
99.50
0.94
35.93
259.99
0.11
32.00
397.67
10.49
29.71
16.50
73.46
249.00
6.50
3.60
33.48
75.00
269.00
59.99
22.50
155.00
5.50
9.50
9.50
7.50
7.76
7.99
1925.00
10.05
19.99
7.49
2.99
50.00
375.00
10.99
0.97
2245.50
30.05
160.00
13.00
41.52
74.26
0.26
0.01
435.00
68.67
21.75
264.99
0.11
77.00
31.01
82.00
31.00
38.33
24.50
18.97
51.10
9.89
12.99
1.00
26.00
29.99
127.74
180.00
0.94
189.99
332.00
56.00
20.75
14.95
99.00
3.75
16.08
100.00
2.25
72.01
19.50
4.00
2.25
21.00
31.00
20.50
18.99
790.52
30.00
60.99
12.00
27.99
399.00
449.00
9.00
5.50
5.99
20.50
450.00
22.00
17.17
3105.00
1.29
6.00
0.82
295.00
80.00
3.99
9.99
1.25
62.00
8.50
351.00
9.99
0.01
4.80
4.45
3.65
4.25
10.50
3.23
4.80
3.74
79.00
13.00
510.00
65.00
8.99
40.00
4.25
0.69
44.50
0.01
9.99
9.52
39.93
120.00
118.99
18.50
225.00
7.98
10.99
15.50
14.51
94.95
2.75
1.75
199.99
9.99
42.00
2.75
100.00
39.95
3.25
115.87
89.95
22.53
23.50
5.99
13.00
165.00
85.00
4.60
175.00
4.75
498.90
30.99
46.80
12.75
13.00
33.00
2379.00
107.50
23.55
319.99
28.00
9.99
25.00
123.99
15.50
3.00
9.99
1295.00
18.99
150.00
21.00
63.00
45.00
19.51
29.99
152.50
9.99
31.92
2635.05
33.54
42.00
79.00
149.00
75.00
89.00
75.00
319.00
7.99
2.50
899.00
99.50
0.94
35.93
259.99
0.11
32.00
397.67
10.49
29.71
16.50
73.46
249.00
6.50
3.60
33.48
75.00
269.00
59.99
22.50
155.00
5.50
9.50
9.50
7.50
7.76
7.99
1925.00
10.05
19.99
7.49
2.99
50.00
375.00
10.99
0.97
2245.50
30.05
160.00
13.00
41.52
74.26
0.26
0.01
435.00
68.67
21.75
264.99
0.11
77.00
31.01
82.00
31.00
38.33
24.50
18.97
51.10
9.89
12.99
1.00
26.00
29.99
127.74
180.00
0.94
189.99
332.00
56.00
20.75
14.95
99.00
3.75
16.08
100.00
2.25
72.01
19.50
4.00
2.25
21.00
31.00
20.50
18.99
790.52
30.00
60.99
12.00
27.99
399.00
449.00
9.00
5.50
5.99
20.50
450.00
22.00
17.17
3105.00
1.29
6.00
0.82
295.00
80.00
3.99
9.99
1.25
62.00
8.50
351.00
9.99
0.01
4.80
4.45
3.65
4.25
10.50
3.23
4.80
3.74
79.00
13.00
510.00
65.00
8.99
40.00
4.25
0.69
44.50
0.01
9.99
9.52
39.93
120.00
118.99
18.50
225.00
7.98
10.99
15.50
14.51
94.95
2.75
1.75
199.99
9.99
42.00
2.75
100.00
39.95
3.25
115.87
89.95
22.53
23.50
5.99
13.00
165.00
85.00
4.60
175.00
4.75
498.90
30.99
46.80
12.75
13.00
33.00
2379.00
107.50
23.55
319.99
28.00
9.99
25.00
123.99
15.50
3.00
9.99
1295.00
18.99
150.00
21.00
63.00
45.00
19.51
29.99
152.50
9.99
31.92
2635.05
33.54
42.00
79.00
149.00
75.00
89.00
75.00
319.00
7.99
2.50
899.00
99.50
0.94
35.93
259.99
0.11
32.00
397.67
10.49
29.71
16.50
73.46
249.00
6.50
3.60
33.48
75.00
269.00
59.99
22.50
155.00
5.50
9.50
9.50
7.50
7.76
7.99
1925.00
10.05
19.99
7.49
2.99
50.00
375.00
10.99
0.97
2245.50
30.05
160.00
13.00
41.52
74.26
0.26
0.01
435.00
68.67
21.75
264.99
0.11
77.00
31.01
82.00
31.00
38.33
24.50
18.97
51.10
9.89
12.99
1.00
26.00
29.99
127.74
180.00
0.94
189.99
332.00
56.00
20.75
14.95
99.00
3.75
16.08
100.00
2.25
72.01
19.50
4.00
2.25
21.00
31.00
20.50
18.99
790.52
30.00
60.99
12.00
27.99
399.00
449.00
9.00
5.50
5.99
20.50
450.00
22.00
17.17
3105.00
1.29
6.00
0.82
295.00
80.00
3.99
9.99
1.25
62.00
8.50
351.00
9.99
0.01
4.80
4.45
3.65
4.25
10.50
3.23
4.80
3.74
79.00
13.00
510.00
65.00
8.99
40.00
4.25
0.69
44.50
0.01
9.99
9.52
39.93
120.00
118.99
18.50
225.00
7.98
10.99
15.50
14.51
94.95
2.75
1.75
199.99
9.99
42.00
2.75
100.00
39.95
3.25
115.87
89.95
22.53
23.50
5.99
13.00
165.00
85.00
4.60
175.00
4.75
498.90
30.99
46.80
12.75
13.00
33.00
2379.00
107.50
23.55
319.99
28.00
9.99
25.00
123.99
15.50
3.00
9.99
1295.00
18.99
150.00
21.00
63.00
45.00
19.51
29.99
152.50
9.99
31.92
2635.05
33.54
42.00
79.00
149.00
75.00
89.00
75.00
319.00
7.99
2.50
899.00
99.50
0.94
35.93
259.99
0.11
32.00
397.67
10.49
29.71
16.50
73.46
249.00
6.50
3.60
33.48
75.00
269.00
59.99
22.50
155.00
5.50
9.50
9.50
7.50
7.76
7.99
1925.00
10.05
19.99
7.49
2.99
50.00
375.00
10.99
0.97
2245.50
30.05
160.00
13.00
41.52
74.26
0.26
0.01
435.00
68.67
21.75
264.99
0.11
77.00
31.01
82.00
31.00
38.33
24.50
18.97
51.10
9.89
12.99
1.00
26.00
29.99
127.74
180.00
0.94
189.99
332.00
56.00
20.75
14.95
99.00
3.75
16.08
100.00
2.25
72.01
19.50
4.00
2.25
21.00
31.00
20.50
18.99
790.52
30.00
60.99
12.00
27.99
399.00
449.00
9.00
5.50
5.99
20.50
450.00
22.00
17.17
3105.00
1.29
6.00
0.82
295.00
80.00
3.99
9.99
1.25
62.00
8.50
351.00
9.99
0.01
4.80
4.45
3.65
4.25
10.50
3.23
4.80
3.74
79.00
13.00
510.00
65.00
8.99
40.00
4.25
0.69
44.50
0.01
9.99
9.52
39.93
120.00
118.99
18.50
225.00
7.98
10.99
15.50
14.51
94.95
2.75
1.75
199.99
9.99
42.00
2.75
100.00
39.95
3.25
115.87
89.95
22.53
23.50
5.99
13.00
165.00
85.00
4.60
175.00
4.75
498.90
30.99
46.80
12.75
13.00
33.00
2379.00
107.50
23.55
319.99
28.00
9.99
25.00
123.99
15.50
3.00
9.99
1295.00
18.99
150.00
21.00
63.00
45.00
19.51
29.99
152.50
9.99
31.92
2635.05
33.54
42.00
79.00
149.00
75.00
89.00
75.00
319.00
7.99
2.50
899.00
99.50
0.94
35.93
259.99
0.11
32.00
397.67
10.49
29.71
16.50
73.46
249.00
6.50
3.60
33.48
75.00
269.00
59.99
22.50
155.00
5.50
9.50
9.50
7.50
7.76
7.99
1925.00
10.05
19.99
7.49
2.99
50.00
375.00
10.99
0.97
2245.50
30.05
160.00
13.00
41.52
74.26
0.26
0.01
435.00
68.67
21.75
264.99
0.11
77.00
31.01
82.00
31.00
38.33
24.50
18.97
51.10
9.89
12.99
1.00
26.00
29.99
127.74
180.00
0.94
189.99
332.00
56.00
20.75
14.95
99.00
3.75
16.08
100.00
2.25
72.01
19.50
4.00
2.25
21.00
31.00
20.50
18.99
790.52
30.00
60.99
12.00
27.99
399.00
449.00
9.00
5.50
5.99
20.50
450.00
22.00
17.17
3105.00
1.29
6.00
0.82
295.00