9.99
117.50
9.99
25.00
11.26
137.50
2.99
167.50
3.00
129.00
122.50
24.99
21.75
72.01
179.50
3.95
125.00
15.50
2.26
15.50
1.99
58.95
247.50
62.00
26.98
94.50
499.00
398.99
789.00
1.99
3.98
27.99
34.99
15.00
4.20
2.20
65.00
29.95
11.99
132.50
17.99
28.95
12.99
38.95
20.95
2.94
1.39
6.24
5.39
59.00
5.99
3.75
10.60
26.99
285.00
103.50
50.00
0.99
16.50
15.99
58.00
6.99
38.11
8.99
11.50
1.64
102.50
9.65
15.50
20.50
5.00
0.99
124.75
64.99
179.00
259.95
20.00
8.00
17.99
59.99
8.80
68.88
8.75
264.95
1.99
0.01
19.70
60.00
7.59
102.50
25.00
50.00
259.95
20.51
15.93
11.00
172.50
24.95
39.93
215.00
16.95
42.50
6.99
4.30
279.00
11.49
26.50
7.50
19.95
269.00
27.99
15.00
14.99
14.99
38.95
125.00
9.95
12.00
9.98
7.99
27.87
1.99
7.99
8.00
6.24
20.00
189.99
18.51
51.00
12.50
1.76
50.99
4.99
50.09
65.31
17.50
60.51
80.00
13.05
45.00
64.00
23.77
5.50
24.95
176.50
25.25
41.00
44.95
49.00
51.00
9.99
29.00
21.95
107.09
50.00
0.90
22.99
1.75
70.99
39.75
34.99
34.99
14.09
4.89
13.99
13.50
21.50
90.80
56.00
137.69
44.98
28.00
50.00
6.99
34.95
51.00
175.00
13.49
2.50
7.00
5.00
79.95
269.99
200.00
63.50
10.50
35.00
23.88
39.50
205.00
50.00
23.50
5.98
14.99
1.04
69.99
59.99
1.75
8.99
127.50
3.33
99.99
105.00
19.99
5.99
41.00
17.95
77.00
19.99
19.90
2.99
22.24
23.79
125.00
98.00
140.11
36.00
169.00
500.00
112.50
119.99
23.18
44.00
11.99
15.13
25.00
5.10
3.47
5.10
6.69
4.59
25.00
12.99
12.00
102.50
47.00
49.90
5.50
8.99
45.00
14.99
26.99
31.00
120.00
2.99
15.50
0.01
3.80
24.95
5.99
11.99
299.00
85.00
2.99
45.00
18.48
20.50
32.99
6.50
33.81
24.65
18.95
234.99
17.50
40.99
32.00
19.99
40.05
55.00
68.99
87.99
2.99
3.69
3.25
14.50
2.59
1.54
19.00
18.50
10.97
8.49
100.00
16.92
3.55
33.99
1.75
2.50
1.51
2.25
3.50
8.76
13.95
2.99
12.33
6.89
101.33
9.99
42.88
24.97
46.10
30.00
190.00
14.51
35.00
5.10
96.00
12.74
99.00
31.86
28.69
11.45
4.99
3.00
8.99
7.50
4.95
5.00
6.52
69.99
162.00
19.50
65.00
0.90
0.90
28.88
28.88
12.49
15.50
0.90
6.50
102.50
0.96
79.99
51.00
84.99
15.00
35.00
16.15
28.51
19.95
100.00
9.99
30.00
6.50
105.00
21.00
28.88
28.88
28.88
28.88
28.88
28.88
28.88
150.00
14.00
22.01
18.51
6.95
9.90
3.98
119.99
20.50
9.50
28.95
12.00
6.00
14.49
91.00
11.50
24.99
152.50
3.59
21.99
1.79
9.49
0.91
6.23
40.99
12.38
94.99
4.99
39.95
23.12
2.75
4.99
45.90
33.99
10.99
20.50
173.50
0.01
15.50
6.70
59.99
103.00
68.00
10.01
44.98
39.00
37.48
3.33
99.99
105.00
19.99
5.99
41.00
17.95
77.00
19.99
19.90
2.99
22.24
23.79
125.00
98.00
140.11
36.00
169.00
500.00
112.50
119.99
23.18
44.00
11.99
15.13
25.00
5.10
3.47
5.10
6.69
4.59
25.00
12.99
12.00
102.50
47.00
49.90
5.50
8.99
45.00
14.99
26.99
31.00
120.00
2.99
15.50
0.01
3.80
24.95
5.99
11.99
299.00
85.00
2.99
45.00
18.48
20.50
32.99
6.50
33.81
24.65
18.95
234.99
17.50
40.99
32.00
19.99
40.05
55.00
68.99
87.99
2.99
3.69
3.25
14.50
2.59
1.54
19.00
18.50
10.97
8.49
100.00
16.92
3.55
33.99
1.75
2.50
1.51
2.25
3.50
8.76
13.95
2.99
12.33
6.89
101.33
9.99
42.88
24.97
46.10
30.00
190.00
14.51
35.00
5.10
96.00
12.74
99.00
31.86
28.69
11.45
4.99
3.00
8.99
7.50
4.95
5.00
6.52
69.99
162.00
19.50
65.00
0.90
0.90
28.88
28.88
12.49
15.50
0.90
6.50
102.50
0.96
79.99
51.00
84.99
15.00
35.00
16.15
28.51
19.95
100.00
9.99
30.00
6.50
105.00
21.00
28.88
28.88
28.88
28.88
28.88
28.88
28.88
150.00
14.00
22.01
18.51
6.95
9.90
3.98
119.99
20.50
9.50
28.95
12.00
6.00
14.49
91.00
11.50
24.99
152.50
3.59
21.99
1.79
9.49
0.91
6.23
40.99
12.38
94.99
4.99
39.95
23.12
2.75
4.99
45.90
33.99
10.99
20.50
173.50
0.01
15.50
6.70
59.99
103.00
68.00
10.01
44.98
39.00
37.48
3.33
99.99
105.00
19.99
5.99
41.00
17.95
77.00
19.99
19.90
2.99
22.24
23.79
125.00
98.00
140.11
36.00
169.00
500.00
112.50
119.99
23.18
44.00
11.99
15.13
25.00
5.10
3.47
5.10
6.69
4.59
25.00
12.99
12.00
102.50
47.00
49.90
5.50
8.99
45.00
14.99
26.99
31.00
120.00
2.99
15.50
0.01
3.80
24.95
5.99
11.99
299.00
85.00
2.99
45.00
18.48
20.50
32.99
6.50
33.81
24.65
18.95
234.99
17.50
40.99
32.00
19.99
40.05
55.00
68.99
87.99
2.99
3.69
3.25
14.50
2.59
1.54
19.00
18.50
10.97
8.49
100.00
16.92
3.55
33.99
1.75
2.50
1.51
2.25
3.50
8.76
13.95
2.99
12.33
6.89
101.33
9.99
42.88
24.97
46.10
30.00
190.00
14.51
35.00
5.10
96.00
12.74
99.00
31.86
28.69
11.45
4.99
3.00
8.99
7.50
4.95
5.00
6.52
69.99
162.00
19.50
65.00
0.90
0.90
28.88
28.88
12.49
15.50
0.90
6.50
102.50
0.96
79.99
51.00
84.99
15.00
35.00
16.15
28.51
19.95
100.00
9.99
30.00
6.50
105.00
21.00
28.88
28.88
28.88
28.88
28.88
28.88
28.88
150.00
14.00
22.01
18.51
6.95
9.90
3.98
119.99
20.50
9.50
28.95
12.00
6.00
14.49
91.00
11.50
24.99
152.50
3.59
21.99
1.79
9.49
0.91
6.23
40.99
12.38
94.99
4.99
39.95
23.12
2.75
4.99
45.90
33.99
10.99
20.50
173.50
0.01
15.50
6.70
59.99
103.00
68.00
10.01
44.98
39.00
37.48