719.00
23.50
2.50
12.32
34.95
525.00
0.99
319.99
200.00
189.95
81.00
39.95
1700.00
118.71
226.75
33.00
165.50
5.99
275.00
99.65
26.68
56.70
139.99
29.95
112.00
74.95
2.69
279.00
3.99
27.00
196.50
55.00
4.00
90.98
140.00
80.00
150.00
68.69
6.65
108.50
199.99
27.00
314.99
869.00
71.50
105.00
360.99
7.50
1450.00
696.90
105.22
379.99
162.50
59.99
741.99
0.31
37.52
20.00
58.00
206.99
63.00
265.00
119.94
78.49
18.85
615.25
293.99
25.60
305.00
0.15
549.99
719.99
22.00
3.99
21.50
19.99
45.47
0.01
39.99
27.03
169.50
29.99
46.64
202.50
1.04
21.50
39.99
8.46
89.99
2.25
22.48
5.61
73.00
16.85
19.99
92.00
7.99
14.95
1000.00
38.00
69.56
140.00
247.51
6.99
158.49
28.99
760.00
232.51
1899.00
61.95
26.09
125.00
68.00
230.50
49.99
159.99
14.06
12.05
19.99
22.95
1649.00
17.99
851.00
59.99
213.50
500.00
11.50
2.75
1398.99
0.21
15.50
102.50
30.88
20.50
10.11
175.00
8.99
110.00
204.95
699.00
54.00
212.83
35.99
2.49
185.00
21.99
229.00
17.50
100.00
1.34
15.79
16.99
487.99
88.00
16.85
1249.00
4.20
5.99
7.99
21.50
62.00
1000.00
44.99
35.00
49.98
419.00
248.49
72.00
49.00
63.00
140.00
19.00
2.17
204.06
84.70
249.99
112.50
37.77
57.90
578.99
350.00
397.99
18.99
147.50
319.39
411.99
59.99
43.50
522.99
800.00
50.00
1659.99
21.90
12.34
13.91
95.00
190.00
210.00
3.97
9.95
80.00
3.99
9.99
1.25
62.00
8.50
351.00
9.99
0.01
4.80
4.45
3.65
4.25
10.50
3.23
4.80
3.74
79.00
13.00
510.00
65.00
8.99
40.00
4.25
0.69
44.50
0.01
9.99
9.52
39.82
120.00
118.99
18.50
225.00
7.98
10.99
15.50
14.51
94.95
2.75
1.75
199.99
9.99
42.00
2.75
100.00
39.95
3.25
115.87
89.95
22.53
23.50
5.99
13.00
165.00
85.00
4.60
175.00
4.75
498.90
30.99
46.80
12.75
13.00
33.00
2379.00
107.50
23.55
319.99
28.00
9.99
25.00
123.99
15.50
3.00
9.99
1295.00
18.99
150.00
21.00
63.00
45.00
19.51
29.99
152.50
9.99
31.84
2628.29
33.45
42.00
79.00
149.00
75.00
89.00
75.00
319.00
7.99
2.50
899.00
99.50
0.94
35.84
259.99
0.11
32.00
397.67
10.49
29.71
16.50
73.27
249.00
6.50
3.60
33.48
75.00
269.00
59.99
22.50
155.00
5.50
9.50
9.50
7.50
7.76
7.99
1925.00
10.05
19.99
7.49
2.98
50.00
375.00
10.99
0.97
2245.50
30.05
160.00
13.00
41.42
74.07
0.26
0.01
435.00
68.49
21.75
264.99
0.11
77.00
31.01
82.00
31.00
38.23
24.50
18.97
50.97
9.89
12.99
1.00
26.00
29.99
127.42
180.00
0.94
189.99
332.00
56.00
20.75
14.95
99.00
3.75
16.08
100.00
2.25
72.01
19.50
4.00
2.25
21.00
31.00
20.50
18.99
788.49
30.00
60.99
12.00
27.99
399.00
449.00
9.00
5.50
5.99
20.50
450.00
22.00
17.12
3105.00
1.29
6.00
0.82
295.00
80.00
3.99
9.99
1.25
62.00
8.50
351.00
9.99
0.01
4.80
4.45
3.65
4.25
10.50
3.23
4.80
3.74
79.00
13.00
510.00
65.00
8.99
40.00
4.25
0.69
44.50
0.01
9.99
9.52
39.82
120.00
118.99
18.50
225.00
7.98
10.99
15.50
14.51
94.95
2.75
1.75
199.99
9.99
42.00
2.75
100.00
39.95
3.25
115.87
89.95
22.53
23.50
5.99
13.00
165.00
85.00
4.60
175.00
4.75
498.90
30.99
46.80
12.75
13.00
33.00
2379.00
107.50
23.55
319.99
28.00
9.99
25.00
123.99
15.50
3.00
9.99
1295.00
18.99
150.00
21.00
63.00
45.00
19.51
29.99
152.50
9.99
31.84
2628.29
33.45
42.00
79.00
149.00
75.00
89.00
75.00
319.00
7.99
2.50
899.00
99.50
0.94
35.84
259.99
0.11
32.00
397.67
10.49
29.71
16.50
73.27
249.00
6.50
3.60
33.48
75.00
269.00
59.99
22.50
155.00
5.50
9.50
9.50
7.50
7.76
7.99
1925.00
10.05
19.99
7.49
2.98
50.00
375.00
10.99
0.97
2245.50
30.05
160.00
13.00
41.42
74.07
0.26
0.01
435.00
68.49
21.75
264.99
0.11
77.00
31.01
82.00
31.00
38.23
24.50
18.97
50.97
9.89
12.99
1.00
26.00
29.99
127.42
180.00
0.94
189.99
332.00
56.00
20.75
14.95
99.00
3.75
16.08
100.00
2.25
72.01
19.50
4.00
2.25
21.00
31.00
20.50
18.99
788.49
30.00
60.99
12.00
27.99
399.00
449.00
9.00
5.50
5.99
20.50
450.00
22.00
17.12
3105.00
1.29
6.00
0.82
295.00
80.00
3.99
9.99
1.25
62.00
8.50
351.00
9.99
0.01
4.80
4.45
3.65
4.25
10.50
3.23
4.80
3.74
79.00
13.00
510.00
65.00
8.99
40.00
4.25
0.69
44.50
0.01
9.99
9.52
39.82
120.00
118.99
18.50
225.00
7.98
10.99
15.50
14.51
94.95
2.75
1.75
199.99
9.99
42.00
2.75
100.00
39.95
3.25
115.87
89.95
22.53
23.50
5.99
13.00
165.00
85.00
4.60
175.00
4.75
498.90
30.99
46.80
12.75
13.00
33.00
2379.00
107.50
23.55
319.99
28.00
9.99
25.00
123.99
15.50
3.00
9.99
1295.00
18.99
150.00
21.00
63.00
45.00
19.51
29.99
152.50
9.99
31.84
2628.29
33.45
42.00
79.00
149.00
75.00
89.00
75.00
319.00
7.99
2.50
899.00
99.50
0.94
35.84
259.99
0.11
32.00
397.67
10.49
29.71
16.50
73.27
249.00
6.50
3.60
33.48
75.00
269.00
59.99
22.50
155.00
5.50
9.50
9.50
7.50
7.76
7.99
1925.00
10.05
19.99
7.49
2.98
50.00
375.00
10.99
0.97
2245.50
30.05
160.00
13.00
41.42
74.07
0.26
0.01
435.00
68.49
21.75
264.99
0.11
77.00
31.01
82.00
31.00
38.23
24.50
18.97
50.97
9.89
12.99
1.00
26.00
29.99
127.42
180.00
0.94
189.99
332.00
56.00
20.75
14.95
99.00
3.75
16.08
100.00
2.25
72.01
19.50
4.00
2.25
21.00
31.00
20.50
18.99
788.49
30.00
60.99
12.00
27.99
399.00
449.00
9.00
5.50
5.99
20.50
450.00
22.00
17.12
3105.00
1.29
6.00
0.82
295.00
80.00
3.99
9.99
1.25
62.00
8.50
351.00
9.99
0.01
4.80
4.45
3.65
4.25
10.50
3.23
4.80
3.74
79.00
13.00
510.00
65.00
8.99
40.00
4.25
0.69
44.50
0.01
9.99
9.52
39.82
120.00
118.99
18.50
225.00
7.98
10.99
15.50
14.51
94.95
2.75
1.75
199.99
9.99
42.00
2.75
100.00
39.95
3.25
115.87
89.95
22.53
23.50
5.99
13.00
165.00
85.00
4.60
175.00
4.75
498.90
30.99
46.80
12.75
13.00
33.00
2379.00
107.50
23.55
319.99
28.00
9.99
25.00
123.99
15.50
3.00
9.99
1295.00
18.99
150.00
21.00
63.00
45.00
19.51
29.99
152.50
9.99
31.84
2628.29
33.45
42.00
79.00
149.00
75.00
89.00
75.00
319.00
7.99
2.50
899.00
99.50
0.94
35.84
259.99
0.11
32.00
397.67
10.49
29.71
16.50
73.27
249.00
6.50
3.60
33.48
75.00
269.00
59.99
22.50
155.00
5.50
9.50
9.50
7.50
7.76
7.99
1925.00
10.05
19.99
7.49
2.98
50.00
375.00
10.99
0.97
2245.50
30.05
160.00
13.00
41.42
74.07
0.26
0.01
435.00
68.49
21.75
264.99
0.11
77.00
31.01
82.00
31.00
38.23
24.50
18.97
50.97
9.89
12.99
1.00
26.00
29.99
127.42
180.00
0.94
189.99
332.00
56.00
20.75
14.95
99.00
3.75
16.08
100.00
2.25
72.01
19.50
4.00
2.25
21.00
31.00
20.50
18.99
788.49
30.00
60.99
12.00
27.99
399.00
449.00
9.00
5.50
5.99
20.50
450.00
22.00
17.12
3105.00
1.29
6.00
0.82
295.00
80.00
3.99
9.99
1.25
62.00
8.50
351.00
9.99
0.01
4.80
4.45
3.65
4.25
10.50
3.23
4.80
3.74
79.00
13.00
510.00
65.00
8.99
40.00
4.25
0.69
44.50
0.01
9.99
9.52
39.82
120.00
118.99
18.50
225.00
7.98
10.99
15.50
14.51
94.95
2.75
1.75
199.99
9.99
42.00
2.75
100.00
39.95
3.25
115.87
89.95
22.53
23.50
5.99
13.00
165.00
85.00
4.60
175.00
4.75
498.90
30.99
46.80
12.75
13.00
33.00
2379.00
107.50
23.55
319.99
28.00
9.99
25.00
123.99
15.50
3.00
9.99
1295.00
18.99
150.00
21.00
63.00
45.00
19.51
29.99
152.50
9.99
31.84
2628.29
33.45
42.00
79.00
149.00
75.00
89.00
75.00
319.00
7.99
2.50
899.00
99.50
0.94
35.84
259.99
0.11
32.00
397.67
10.49
29.71
16.50
73.27
249.00
6.50
3.60
33.48
75.00
269.00
59.99
22.50
155.00
5.50
9.50
9.50
7.50
7.76
7.99
1925.00
10.05
19.99
7.49
2.98
50.00
375.00
10.99
0.97
2245.50
30.05
160.00
13.00
41.42
74.07
0.26
0.01
435.00
68.49
21.75
264.99
0.11
77.00
31.01
82.00
31.00
38.23
24.50
18.97
50.97
9.89
12.99
1.00
26.00
29.99
127.42
180.00
0.94
189.99
332.00
56.00
20.75
14.95
99.00
3.75
16.08
100.00
2.25
72.01
19.50
4.00
2.25
21.00
31.00
20.50
18.99
788.49
30.00
60.99
12.00
27.99
399.00
449.00
9.00
5.50
5.99
20.50
450.00
22.00
17.12
3105.00
1.29
6.00
0.82
295.00
80.00
3.99
9.99
1.25
62.00
8.50
351.00
9.99
0.01
4.80
4.45
3.65
4.25
10.50
3.23
4.80
3.74
79.00
13.00
510.00
65.00
8.99
40.00
4.25
0.69
44.50
0.01
9.99
9.52
39.82
120.00
118.99
18.50
225.00
7.98
10.99
15.50
14.51
94.95
2.75
1.75
199.99
9.99
42.00
2.75
100.00
39.95
3.25
115.87
89.95
22.53
23.50
5.99
13.00
165.00
85.00
4.60
175.00
4.75
498.90
30.99
46.80
12.75
13.00
33.00
2379.00
107.50
23.55
319.99
28.00
9.99
25.00
123.99
15.50
3.00
9.99
1295.00
18.99
150.00
21.00
63.00
45.00
19.51
29.99
152.50
9.99
31.84
2628.29
33.45
42.00
79.00
149.00
75.00
89.00
75.00
319.00
7.99
2.50
899.00
99.50
0.94
35.84
259.99
0.11
32.00
397.67
10.49
29.71
16.50
73.27
249.00
6.50
3.60
33.48
75.00
269.00
59.99
22.50
155.00
5.50
9.50
9.50
7.50
7.76
7.99
1925.00
10.05
19.99
7.49
2.98
50.00
375.00
10.99
0.97
2245.50
30.05
160.00
13.00
41.42
74.07
0.26
0.01
435.00
68.49
21.75
264.99
0.11
77.00
31.01
82.00
31.00
38.23
24.50
18.97
50.97
9.89
12.99
1.00
26.00
29.99
127.42
180.00
0.94
189.99
332.00
56.00
20.75
14.95
99.00
3.75
16.08
100.00
2.25
72.01
19.50
4.00
2.25
21.00
31.00
20.50
18.99
788.49
30.00
60.99
12.00
27.99
399.00
449.00
9.00
5.50
5.99
20.50
450.00
22.00
17.12
3105.00
1.29
6.00
0.82
295.00
80.00
3.99
9.99
1.25
62.00
8.50
351.00
9.99
0.01
4.80
4.45
3.65
4.25
10.50
3.23
4.80
3.74
79.00
13.00
510.00
65.00
8.99
40.00
4.25
0.69
44.50
0.01
9.99
9.52
39.82
120.00
118.99
18.50
225.00
7.98
10.99
15.50
14.51
94.95
2.75
1.75
199.99
9.99
42.00
2.75
100.00
39.95
3.25
115.87
89.95
22.53
23.50
5.99
13.00
165.00
85.00
4.60
175.00
4.75
498.90
30.99
46.80
12.75
13.00
33.00
2379.00
107.50
23.55
319.99
28.00
9.99
25.00
123.99
15.50
3.00
9.99
1295.00
18.99
150.00
21.00
63.00
45.00
19.51
29.99
152.50
9.99
31.84
2628.29
33.45
42.00
79.00
149.00
75.00
89.00
75.00
319.00
7.99
2.50
899.00
99.50
0.94
35.84
259.99
0.11
32.00
397.67
10.49
29.71
16.50
73.27
249.00
6.50
3.60
33.48
75.00
269.00
59.99
22.50
155.00
5.50
9.50
9.50
7.50
7.76
7.99
1925.00
10.05
19.99
7.49
2.98
50.00
375.00
10.99
0.97
2245.50
30.05
160.00
13.00
41.42
74.07
0.26
0.01
435.00
68.49
21.75
264.99
0.11
77.00
31.01
82.00
31.00
38.23
24.50
18.97
50.97
9.89
12.99
1.00
26.00
29.99
127.42
180.00
0.94
189.99
332.00
56.00
20.75
14.95
99.00
3.75
16.08
100.00
2.25
72.01
19.50
4.00
2.25
21.00
31.00
20.50
18.99
788.49
30.00
60.99
12.00
27.99
399.00
449.00
9.00
5.50
5.99
20.50
450.00
22.00
17.12
3105.00
1.29
6.00
0.82
295.00
80.00
3.99
9.99
1.25
62.00
8.50
351.00
9.99
0.01
4.80
4.45
3.65
4.25
10.50
3.23
4.80
3.74
79.00
13.00
510.00
65.00
8.99
40.00
4.25
0.69
44.50
0.01
9.99
9.52
39.82
120.00
118.99
18.50
225.00
7.98
10.99
15.50
14.51
94.95
2.75
1.75
199.99
9.99
42.00
2.75
100.00
39.95
3.25
115.87
89.95
22.53
23.50
5.99
13.00
165.00
85.00
4.60
175.00
4.75
498.90
30.99
46.80
12.75
13.00
33.00
2379.00
107.50
23.55
319.99
28.00
9.99
25.00
123.99
15.50
3.00
9.99
1295.00
18.99
150.00
21.00
63.00
45.00
19.51
29.99
152.50
9.99
31.84
2628.29
33.45
42.00
79.00
149.00
75.00
89.00
75.00
319.00
7.99
2.50
899.00
99.50
0.94
35.84
259.99
0.11
32.00
397.67
10.49
29.71
16.50
73.27
249.00
6.50
3.60
33.48
75.00
269.00
59.99
22.50
155.00
5.50
9.50
9.50
7.50
7.76
7.99
1925.00
10.05
19.99
7.49
2.98
50.00
375.00
10.99
0.97
2245.50
30.05
160.00
13.00
41.42
74.07
0.26
0.01
435.00
68.49
21.75
264.99
0.11
77.00
31.01
82.00
31.00
38.23
24.50
18.97
50.97
9.89
12.99
1.00
26.00
29.99
127.42
180.00
0.94
189.99
332.00
56.00
20.75
14.95
99.00
3.75
16.08
100.00
2.25
72.01
19.50
4.00
2.25
21.00
31.00
20.50
18.99
788.49
30.00
60.99
12.00
27.99
399.00
449.00
9.00
5.50
5.99
20.50
450.00
22.00
17.12
3105.00
1.29
6.00
0.82
295.00
80.00
3.99
9.99
1.25
62.00
8.50
351.00
9.99
0.01
4.80
4.45
3.65
4.25
10.50
3.23
4.80
3.74
79.00
13.00
510.00
65.00
8.99
40.00
4.25
0.69
44.50
0.01
9.99
9.52
39.82
120.00
118.99
18.50
225.00
7.98
10.99
15.50
14.51
94.95
2.75
1.75
199.99
9.99
42.00
2.75
100.00
39.95
3.25
115.87
89.95
22.53
23.50
5.99
13.00
165.00
85.00
4.60
175.00
4.75
498.90
30.99
46.80
12.75
13.00
33.00
2379.00
107.50
23.55
319.99
28.00
9.99
25.00
123.99
15.50
3.00
9.99
1295.00
18.99
150.00
21.00
63.00
45.00
19.51
29.99
152.50
9.99
31.84
2628.29
33.45
42.00
79.00
149.00
75.00
89.00
75.00
319.00
7.99
2.50
899.00
99.50
0.94
35.84
259.99
0.11
32.00
397.67
10.49
29.71
16.50
73.27
249.00
6.50
3.60
33.48
75.00
269.00
59.99
22.50
155.00
5.50
9.50
9.50
7.50
7.76
7.99
1925.00
10.05
19.99
7.49
2.98
50.00
375.00
10.99
0.97
2245.50
30.05
160.00
13.00
41.42
74.07
0.26
0.01
435.00
68.49
21.75
264.99
0.11
77.00
31.01
82.00
31.00
38.23
24.50
18.97
50.97
9.89
12.99
1.00
26.00
29.99
127.42
180.00
0.94
189.99
332.00
56.00
20.75
14.95
99.00
3.75
16.08
100.00
2.25
72.01
19.50
4.00
2.25
21.00
31.00
20.50
18.99
788.49
30.00
60.99
12.00
27.99
399.00
449.00
9.00
5.50
5.99
20.50
450.00
22.00
17.12
3105.00
1.29
6.00
0.82
295.00
80.00
3.99
9.99
1.25
62.00
8.50
351.00
9.99
0.01
4.80
4.45
3.65
4.25
10.50
3.23
4.80
3.74
79.00
13.00
510.00
65.00
8.99
40.00
4.25
0.69
44.50
0.01
9.99
9.52
39.82
120.00
118.99
18.50
225.00
7.98
10.99
15.50
14.51
94.95
2.75
1.75
199.99
9.99
42.00
2.75
100.00
39.95
3.25
115.87
89.95
22.53
23.50
5.99
13.00
165.00
85.00
4.60
175.00
4.75
498.90
30.99
46.80
12.75
13.00
33.00
2379.00
107.50
23.55
319.99
28.00
9.99
25.00
123.99
15.50
3.00
9.99
1295.00
18.99
150.00
21.00
63.00
45.00
19.51
29.99
152.50
9.99
31.84
2628.29
33.45
42.00
79.00
149.00
75.00
89.00
75.00
319.00
7.99
2.50
899.00
99.50
0.94
35.84
259.99
0.11
32.00
397.67
10.49
29.71
16.50
73.27
249.00
6.50
3.60
33.48
75.00
269.00
59.99
22.50
155.00
5.50
9.50
9.50
7.50
7.76
7.99
1925.00
10.05
19.99
7.49
2.98
50.00
375.00
10.99
0.97
2245.50
30.05
160.00
13.00
41.42
74.07
0.26
0.01
435.00
68.49
21.75
264.99
0.11
77.00
31.01
82.00
31.00
38.23
24.50
18.97
50.97
9.89
12.99
1.00
26.00
29.99
127.42
180.00
0.94
189.99
332.00
56.00
20.75
14.95
99.00
3.75
16.08
100.00
2.25
72.01
19.50
4.00
2.25
21.00
31.00
20.50
18.99
788.49
30.00
60.99
12.00
27.99
399.00
449.00
9.00
5.50
5.99
20.50
450.00
22.00
17.12
3105.00
1.29
6.00
0.82
295.00
80.00
3.99
9.99
1.25
62.00
8.50
351.00
9.99
0.01
4.80
4.45
3.65
4.25
10.50
3.23
4.80
3.74
79.00
13.00
510.00
65.00
8.99
40.00
4.25
0.69
44.50
0.01
9.99
9.52
39.82
120.00
118.99
18.50
225.00
7.98
10.99
15.50
14.51
94.95
2.75
1.75
199.99
9.99
42.00
2.75
100.00
39.95
3.25
115.87
89.95
22.53
23.50
5.99
13.00
165.00
85.00
4.60
175.00
4.75
498.90
30.99
46.80
12.75
13.00
33.00
2379.00
107.50
23.55
319.99
28.00
9.99
25.00
123.99
15.50
3.00
9.99
1295.00
18.99
150.00
21.00
63.00
45.00
19.51
29.99
152.50
9.99
31.84
2628.29
33.45
42.00
79.00
149.00
75.00
89.00
75.00
319.00
7.99
2.50
899.00
99.50
0.94
35.84
259.99
0.11
32.00
397.67
10.49
29.71
16.50
73.27
249.00
6.50
3.60
33.48
75.00
269.00
59.99
22.50
155.00
5.50
9.50
9.50
7.50
7.76
7.99
1925.00
10.05
19.99
7.49
2.98
50.00
375.00
10.99
0.97
2245.50
30.05
160.00
13.00
41.42
74.07
0.26
0.01
435.00
68.49
21.75
264.99
0.11
77.00
31.01
82.00
31.00
38.23
24.50
18.97
50.97
9.89
12.99
1.00
26.00
29.99
127.42
180.00
0.94
189.99
332.00
56.00
20.75
14.95
99.00
3.75
16.08
100.00
2.25
72.01
19.50
4.00
2.25
21.00
31.00
20.50
18.99
788.49
30.00
60.99
12.00
27.99
399.00
449.00
9.00
5.50
5.99
20.50
450.00
22.00
17.12
3105.00
1.29
6.00
0.82
295.00
80.00
3.99
9.99
1.25
62.00
8.50
351.00
9.99
0.01
4.80
4.45
3.65
4.25
10.50
3.23
4.80
3.74
79.00
13.00
510.00
65.00
8.99
40.00
4.25
0.69
44.50
0.01
9.99
9.52
39.82
120.00
118.99
18.50
225.00
7.98
10.99
15.50
14.51
94.95
2.75
1.75
199.99
9.99
42.00
2.75
100.00
39.95
3.25
115.87
89.95
22.53
23.50
5.99
13.00
165.00
85.00
4.60
175.00
4.75
498.90
30.99
46.80
12.75
13.00
33.00
2379.00
107.50
23.55
319.99
28.00
9.99
25.00
123.99
15.50
3.00
9.99
1295.00
18.99
150.00
21.00
63.00
45.00
19.51
29.99
152.50
9.99
31.84
2628.29
33.45
42.00
79.00
149.00
75.00
89.00
75.00
319.00
7.99
2.50
899.00
99.50
0.94
35.84
259.99
0.11
32.00
397.67
10.49
29.71
16.50
73.27
249.00
6.50
3.60
33.48
75.00
269.00
59.99
22.50
155.00
5.50
9.50
9.50
7.50
7.76
7.99
1925.00
10.05
19.99
7.49
2.98
50.00
375.00
10.99
0.97
2245.50
30.05
160.00
13.00
41.42
74.07
0.26
0.01
435.00
68.49
21.75
264.99
0.11
77.00
31.01
82.00
31.00
38.23
24.50
18.97
50.97
9.89
12.99
1.00
26.00
29.99
127.42
180.00
0.94
189.99
332.00
56.00
20.75
14.95
99.00
3.75
16.08
100.00
2.25
72.01
19.50
4.00
2.25
21.00
31.00
20.50
18.99
788.49
30.00
60.99
12.00
27.99
399.00
449.00
9.00
5.50
5.99
20.50
450.00
22.00
17.12
3105.00
1.29
6.00
0.82
295.00
80.00
3.99
9.99
1.25
62.00
8.50
351.00
9.99
0.01
4.80
4.45
3.65
4.25
10.50
3.23
4.80
3.74
79.00
13.00
510.00
65.00
8.99
40.00
4.25
0.69
44.50
0.01
9.99
9.52
39.82
120.00
118.99
18.50
225.00
7.98
10.99
15.50
14.51
94.95
2.75
1.75
199.99
9.99
42.00
2.75
100.00
39.95
3.25
115.87
89.95
22.53
23.50
5.99
13.00
165.00
85.00
4.60
175.00
4.75
498.90
30.99
46.80
12.75
13.00
33.00
2379.00
107.50
23.55
319.99
28.00
9.99
25.00
123.99
15.50
3.00
9.99
1295.00
18.99
150.00
21.00
63.00
45.00
19.51
29.99
152.50
9.99
31.84
2628.29
33.45
42.00
79.00
149.00
75.00
89.00
75.00
319.00
7.99
2.50
899.00
99.50
0.94
35.84
259.99
0.11
32.00
397.67
10.49
29.71
16.50
73.27
249.00
6.50
3.60
33.48
75.00
269.00
59.99
22.50
155.00
5.50
9.50
9.50
7.50
7.76
7.99
1925.00
10.05
19.99
7.49
2.98
50.00
375.00
10.99
0.97
2245.50
30.05
160.00
13.00
41.42
74.07
0.26
0.01
435.00
68.49
21.75
264.99
0.11
77.00
31.01
82.00
31.00
38.23
24.50
18.97
50.97
9.89
12.99
1.00
26.00
29.99
127.42
180.00
0.94
189.99
332.00
56.00
20.75
14.95
99.00
3.75
16.08
100.00
2.25
72.01
19.50
4.00
2.25
21.00
31.00
20.50
18.99
788.49
30.00
60.99
12.00
27.99
399.00
449.00
9.00
5.50
5.99
20.50
450.00
22.00
17.12
3105.00
1.29
6.00
0.82
295.00
80.00
3.99
9.99
1.25
62.00
8.50
351.00
9.99
0.01
4.80
4.45
3.65
4.25
10.50
3.23
4.80
3.74
79.00
13.00
510.00
65.00
8.99
40.00
4.25
0.69
44.50
0.01
9.99
9.52
39.82
120.00
118.99
18.50
225.00
7.98
10.99
15.50
14.51
94.95
2.75
1.75
199.99
9.99
42.00
2.75
100.00
39.95
3.25
115.87
89.95
22.53
23.50
5.99
13.00
165.00
85.00
4.60
175.00
4.75
498.90
30.99
46.80
12.75
13.00
33.00
2379.00
107.50
23.55
319.99
28.00
9.99
25.00
123.99
15.50
3.00
9.99
1295.00
18.99
150.00
21.00
63.00
45.00
19.51
29.99
152.50
9.99
31.84
2628.29
33.45
42.00
79.00
149.00
75.00
89.00
75.00
319.00
7.99
2.50
899.00
99.50
0.94
35.84
259.99
0.11
32.00
397.67
10.49
29.71
16.50
73.27
249.00
6.50
3.60
33.48
75.00
269.00
59.99
22.50
155.00
5.50
9.50
9.50
7.50
7.76
7.99
1925.00
10.05
19.99
7.49
2.98
50.00
375.00
10.99
0.97
2245.50
30.05
160.00
13.00
41.42
74.07
0.26
0.01
435.00
68.49
21.75
264.99
0.11
77.00
31.01
82.00
31.00
38.23
24.50
18.97
50.97
9.89
12.99
1.00
26.00
29.99
127.42
180.00
0.94
189.99
332.00
56.00
20.75
14.95
99.00
3.75
16.08
100.00
2.25
72.01
19.50
4.00
2.25
21.00
31.00
20.50
18.99
788.49
30.00
60.99
12.00
27.99
399.00
449.00
9.00
5.50
5.99
20.50
450.00
22.00
17.12
3105.00
1.29
6.00
0.82
295.00
80.00
3.99
9.99
1.25
62.00
8.50
351.00
9.99
0.01
4.80
4.45
3.65
4.25
10.50
3.23
4.80
3.74
79.00
13.00
510.00
65.00
8.99
40.00
4.25
0.69
44.50
0.01
9.99
9.52
39.82
120.00
118.99
18.50
225.00
7.98
10.99
15.50
14.51
94.95
2.75
1.75
199.99
9.99
42.00
2.75
100.00
39.95
3.25
115.87
89.95
22.53
23.50
5.99
13.00
165.00
85.00
4.60
175.00
4.75
498.90
30.99
46.80
12.75
13.00
33.00
2379.00
107.50
23.55
319.99
28.00
9.99
25.00
123.99
15.50
3.00
9.99
1295.00
18.99
150.00
21.00
63.00
45.00
19.51
29.99
152.50
9.99
31.84
2628.29
33.45
42.00
79.00
149.00
75.00
89.00
75.00
319.00
7.99
2.50
899.00
99.50
0.94
35.84
259.99
0.11
32.00
397.67
10.49
29.71
16.50
73.27
249.00
6.50
3.60
33.48
75.00
269.00
59.99
22.50
155.00
5.50
9.50
9.50
7.50
7.76
7.99
1925.00
10.05
19.99
7.49
2.98
50.00
375.00
10.99
0.97
2245.50
30.05
160.00
13.00
41.42
74.07
0.26
0.01
435.00
68.49
21.75
264.99
0.11
77.00
31.01
82.00
31.00
38.23
24.50
18.97
50.97
9.89
12.99
1.00
26.00
29.99
127.42
180.00
0.94
189.99
332.00
56.00
20.75
14.95
99.00
3.75
16.08
100.00
2.25
72.01
19.50
4.00
2.25
21.00
31.00
20.50
18.99
788.49
30.00
60.99
12.00
27.99
399.00
449.00
9.00
5.50
5.99
20.50
450.00
22.00
17.12
3105.00
1.29
6.00
0.82
295.00
80.00
3.99
9.99
1.25
62.00
8.50
351.00
9.99
0.01
4.80
4.45
3.65
4.25
10.50
3.23
4.80
3.74
79.00
13.00
510.00
65.00
8.99
40.00
4.25
0.69
44.50
0.01
9.99
9.52
39.82
120.00
118.99
18.50
225.00
7.98
10.99
15.50
14.51
94.95
2.75
1.75
199.99
9.99
42.00
2.75
100.00
39.95
3.25
115.87
89.95
22.53
23.50
5.99
13.00
165.00
85.00
4.60
175.00
4.75
498.90
30.99
46.80
12.75
13.00
33.00
2379.00
107.50
23.55
319.99
28.00
9.99
25.00
123.99
15.50
3.00
9.99
1295.00
18.99
150.00
21.00
63.00
45.00
19.51
29.99
152.50
9.99
31.84
2628.29
33.45
42.00
79.00
149.00
75.00
89.00
75.00
319.00
7.99
2.50
899.00
99.50
0.94
35.84
259.99
0.11
32.00
397.67
10.49
29.71
16.50
73.27
249.00
6.50
3.60
33.48
75.00
269.00
59.99
22.50
155.00
5.50
9.50
9.50
7.50
7.76
7.99
1925.00
10.05
19.99
7.49
2.98
50.00
375.00
10.99
0.97
2245.50
30.05
160.00
13.00
41.42
74.07
0.26
0.01
435.00
68.49
21.75
264.99
0.11
77.00
31.01
82.00
31.00
38.23
24.50
18.97
50.97
9.89
12.99
1.00
26.00
29.99
127.42
180.00
0.94
189.99
332.00
56.00
20.75
14.95
99.00
3.75
16.08
100.00
2.25
72.01
19.50
4.00
2.25
21.00
31.00
20.50
18.99
788.49
30.00
60.99
12.00
27.99
399.00
449.00
9.00
5.50
5.99
20.50
450.00
22.00
17.12
3105.00
1.29
6.00
0.82
295.00
80.00
3.99
9.99
1.25
62.00
8.50
351.00
9.99
0.01
4.80
4.45
3.65
4.25
10.50
3.23
4.80
3.74
79.00
13.00
510.00
65.00
8.99
40.00
4.25
0.69
44.50
0.01
9.99
9.52
39.82
120.00
118.99
18.50
225.00
7.98
10.99
15.50
14.51
94.95
2.75
1.75
199.99
9.99
42.00
2.75
100.00
39.95
3.25
115.87
89.95
22.53
23.50
5.99
13.00
165.00
85.00
4.60
175.00
4.75
498.90
30.99
46.80
12.75
13.00
33.00
2379.00
107.50
23.55
319.99
28.00
9.99
25.00
123.99
15.50
3.00
9.99
1295.00
18.99
150.00
21.00
63.00
45.00
19.51
29.99
152.50
9.99
31.84
2628.29
33.45
42.00
79.00
149.00
75.00
89.00
75.00
319.00
7.99
2.50
899.00
99.50
0.94
35.84
259.99
0.11
32.00
397.67
10.49
29.71
16.50
73.27
249.00
6.50
3.60
33.48
75.00
269.00
59.99
22.50
155.00
5.50
9.50
9.50
7.50
7.76
7.99
1925.00
10.05
19.99
7.49
2.98
50.00
375.00
10.99
0.97
2245.50
30.05
160.00
13.00
41.42
74.07
0.26
0.01
435.00
68.49
21.75
264.99
0.11
77.00
31.01
82.00
31.00
38.23
24.50
18.97
50.97
9.89
12.99
1.00
26.00
29.99
127.42
180.00
0.94
189.99
332.00
56.00
20.75
14.95
99.00
3.75
16.08
100.00
2.25
72.01
19.50
4.00
2.25
21.00
31.00
20.50
18.99
788.49
30.00
60.99
12.00
27.99
399.00
449.00
9.00
5.50
5.99
20.50
450.00
22.00
17.12
3105.00
1.29
6.00
0.82
295.00
80.00
3.99
9.99
1.25
62.00
8.50
351.00
9.99
0.01
4.80
4.45
3.65
4.25
10.50
3.23
4.80
3.74
79.00
13.00
510.00
65.00
8.99
40.00
4.25
0.69
44.50
0.01
9.99
9.52
39.82
120.00
118.99
18.50
225.00
7.98
10.99
15.50
14.51
94.95
2.75
1.75
199.99
9.99
42.00
2.75
100.00
39.95
3.25
115.87
89.95
22.53
23.50
5.99
13.00
165.00
85.00
4.60
175.00
4.75
498.90
30.99
46.80
12.75
13.00
33.00
2379.00
107.50
23.55
319.99
28.00
9.99
25.00
123.99
15.50
3.00
9.99
1295.00
18.99
150.00
21.00
63.00
45.00
19.51
29.99
152.50
9.99
31.84
2628.29
33.45
42.00
79.00
149.00
75.00
89.00
75.00
319.00
7.99
2.50
899.00
99.50
0.94
35.84
259.99
0.11
32.00
397.67
10.49
29.71
16.50
73.27
249.00
6.50
3.60
33.48
75.00
269.00
59.99
22.50
155.00
5.50
9.50
9.50
7.50
7.76
7.99
1925.00
10.05
19.99
7.49
2.98
50.00
375.00
10.99
0.97
2245.50
30.05
160.00
13.00
41.42
74.07
0.26
0.01
435.00
68.49
21.75
264.99
0.11
77.00
31.01
82.00
31.00
38.23
24.50
18.97
50.97
9.89
12.99
1.00
26.00
29.99
127.42
180.00
0.94
189.99
332.00
56.00
20.75
14.95
99.00
3.75
16.08
100.00
2.25
72.01
19.50
4.00
2.25
21.00
31.00
20.50
18.99
788.49
30.00
60.99
12.00
27.99
399.00
449.00
9.00
5.50
5.99
20.50
450.00
22.00
17.12
3105.00
1.29
6.00
0.82
295.00
80.00
3.99
9.99
1.25
62.00
8.50
351.00
9.99
0.01
4.80
4.45
3.65
4.25
10.50
3.23
4.80
3.74
79.00
13.00
510.00
65.00
8.99
40.00
4.25
0.69
44.50
0.01
9.99
9.52
39.82
120.00
118.99
18.50
225.00
7.98
10.99
15.50
14.51
94.95
2.75
1.75
199.99
9.99
42.00
2.75
100.00
39.95
3.25
115.87
89.95
22.53
23.50
5.99
13.00
165.00
85.00
4.60
175.00
4.75
498.90
30.99
46.80
12.75
13.00
33.00
2379.00
107.50
23.55
319.99
28.00
9.99
25.00
123.99
15.50
3.00
9.99
1295.00
18.99
150.00
21.00
63.00
45.00
19.51
29.99
152.50
9.99
31.84
2628.29
33.45
42.00
79.00
149.00
75.00
89.00
75.00
319.00
7.99
2.50
899.00
99.50
0.94
35.84
259.99
0.11
32.00
397.67
10.49
29.71
16.50
73.27
249.00
6.50
3.60
33.48
75.00
269.00
59.99
22.50
155.00
5.50
9.50
9.50
7.50
7.76
7.99
1925.00
10.05
19.99
7.49
2.98
50.00
375.00
10.99
0.97
2245.50
30.05
160.00
13.00
41.42
74.07
0.26
0.01
435.00
68.49
21.75
264.99
0.11
77.00
31.01
82.00
31.00
38.23
24.50
18.97
50.97
9.89
12.99
1.00
26.00
29.99
127.42
180.00
0.94
189.99
332.00
56.00
20.75
14.95
99.00
3.75
16.08
100.00
2.25
72.01
19.50
4.00
2.25
21.00
31.00
20.50
18.99
788.49
30.00
60.99
12.00
27.99
399.00
449.00
9.00
5.50
5.99
20.50
450.00
22.00
17.12
3105.00
1.29
6.00
0.82
295.00
80.00
3.99
9.99
1.25
62.00
8.50
351.00
9.99
0.01
4.80
4.45
3.65
4.25
10.50
3.23
4.80
3.74
79.00
13.00
510.00
65.00
8.99
40.00
4.25
0.69
44.50
0.01
9.99
9.52
39.82
120.00
118.99
18.50
225.00
7.98
10.99
15.50
14.51
94.95
2.75
1.75
199.99
9.99
42.00
2.75
100.00
39.95
3.25
115.87
89.95
22.53
23.50
5.99
13.00
165.00
85.00
4.60
175.00
4.75
498.90
30.99
46.80
12.75
13.00
33.00
2379.00
107.50
23.55
319.99
28.00
9.99
25.00
123.99
15.50
3.00
9.99
1295.00
18.99
150.00
21.00
63.00
45.00
19.51
29.99
152.50
9.99
31.84
2628.29
33.45
42.00
79.00
149.00
75.00
89.00
75.00
319.00
7.99
2.50
899.00
99.50
0.94
35.84
259.99
0.11
32.00
397.67
10.49
29.71
16.50
73.27
249.00
6.50
3.60
33.48
75.00
269.00
59.99
22.50
155.00
5.50
9.50
9.50
7.50
7.76
7.99
1925.00
10.05
19.99
7.49
2.98
50.00
375.00
10.99
0.97
2245.50
30.05
160.00
13.00
41.42
74.07
0.26
0.01
435.00
68.49
21.75
264.99
0.11
77.00
31.01
82.00
31.00
38.23
24.50
18.97
50.97
9.89
12.99
1.00
26.00
29.99
127.42
180.00
0.94
189.99
332.00
56.00
20.75
14.95
99.00
3.75
16.08
100.00
2.25
72.01
19.50
4.00
2.25
21.00
31.00
20.50
18.99
788.49
30.00
60.99
12.00
27.99
399.00
449.00
9.00
5.50
5.99
20.50
450.00
22.00
17.12
3105.00
1.29
6.00
0.82
295.00
80.00
3.99
9.99
1.25
62.00
8.50
351.00
9.99
0.01
4.80
4.45
3.65
4.25
10.50
3.23
4.80
3.74
79.00
13.00
510.00
65.00
8.99
40.00
4.25
0.69
44.50
0.01
9.99
9.52
39.82
120.00
118.99
18.50
225.00
7.98
10.99
15.50
14.51
94.95
2.75
1.75
199.99
9.99
42.00
2.75
100.00
39.95
3.25
115.87
89.95
22.53
23.50
5.99
13.00
165.00
85.00
4.60
175.00
4.75
498.90
30.99
46.80
12.75
13.00
33.00
2379.00
107.50
23.55
319.99
28.00
9.99
25.00
123.99
15.50
3.00
9.99
1295.00
18.99
150.00
21.00
63.00
45.00
19.51
29.99
152.50
9.99
31.84
2628.29
33.45
42.00
79.00
149.00
75.00
89.00
75.00
319.00
7.99
2.50
899.00
99.50
0.94
35.84
259.99
0.11
32.00
397.67
10.49
29.71
16.50
73.27
249.00
6.50
3.60
33.48
75.00
269.00
59.99
22.50
155.00
5.50
9.50
9.50
7.50
7.76
7.99
1925.00
10.05
19.99
7.49
2.98
50.00
375.00
10.99
0.97
2245.50
30.05
160.00
13.00
41.42
74.07
0.26
0.01
435.00
68.49
21.75
264.99
0.11
77.00
31.01
82.00
31.00
38.23
24.50
18.97
50.97
9.89
12.99
1.00
26.00
29.99
127.42
180.00
0.94
189.99
332.00
56.00
20.75
14.95
99.00
3.75
16.08
100.00
2.25
72.01
19.50
4.00
2.25
21.00
31.00
20.50
18.99
788.49
30.00
60.99
12.00
27.99
399.00
449.00
9.00
5.50
5.99
20.50
450.00
22.00
17.12
3105.00
1.29
6.00
0.82
295.00
80.00
3.99
9.99
1.25
62.00
8.50
351.00
9.99
0.01
4.80
4.45
3.65
4.25
10.50
3.23
4.80
3.74
79.00
13.00
510.00
65.00
8.99
40.00
4.25
0.69
44.50
0.01
9.99
9.52
39.82
120.00
118.99
18.50
225.00
7.98
10.99
15.50
14.51
94.95
2.75
1.75
199.99
9.99
42.00
2.75
100.00
39.95
3.25
115.87
89.95
22.53
23.50
5.99
13.00
165.00
85.00
4.60
175.00
4.75
498.90
30.99
46.80
12.75
13.00
33.00
2379.00
107.50
23.55
319.99
28.00
9.99
25.00
123.99
15.50
3.00
9.99
1295.00
18.99
150.00
21.00
63.00
45.00
19.51
29.99
152.50
9.99
31.84
2628.29
33.45
42.00
79.00
149.00
75.00
89.00
75.00
319.00
7.99
2.50
899.00
99.50
0.94
35.84
259.99
0.11
32.00
397.67
10.49
29.71
16.50
73.27
249.00
6.50
3.60
33.48
75.00
269.00
59.99
22.50
155.00
5.50
9.50
9.50
7.50
7.76
7.99
1925.00
10.05
19.99
7.49
2.98
50.00
375.00
10.99
0.97
2245.50
30.05
160.00
13.00
41.42
74.07
0.26
0.01
435.00
68.49
21.75
264.99
0.11
77.00
31.01
82.00
31.00
38.23
24.50
18.97
50.97
9.89
12.99
1.00
26.00
29.99
127.42
180.00
0.94
189.99
332.00
56.00
20.75
14.95
99.00
3.75
16.08
100.00
2.25
72.01
19.50
4.00
2.25
21.00
31.00
20.50
18.99
788.49
30.00
60.99
12.00
27.99
399.00
449.00
9.00
5.50
5.99
20.50
450.00
22.00
17.12
3105.00
1.29
6.00
0.82
295.00
80.00
3.99
9.99
1.25
62.00
8.50
351.00
9.99
0.01
4.80
4.45
3.65
4.25
10.50
3.23
4.80
3.74
79.00
13.00
510.00
65.00
8.99
40.00
4.25
0.69
44.50
0.01
9.99
9.52
39.82
120.00
118.99
18.50
225.00
7.98
10.99
15.50
14.51
94.95
2.75
1.75
199.99
9.99
42.00
2.75
100.00
39.95
3.25
115.87
89.95
22.53
23.50
5.99
13.00
165.00
85.00
4.60
175.00
4.75
498.90
30.99
46.80
12.75
13.00
33.00
2379.00
107.50
23.55
319.99
28.00
9.99
25.00
123.99
15.50
3.00
9.99
1295.00
18.99
150.00
21.00
63.00
45.00
19.51
29.99
152.50
9.99
31.84
2628.29
33.45
42.00
79.00
149.00
75.00
89.00
75.00
319.00
7.99
2.50
899.00
99.50
0.94
35.84
259.99
0.11
32.00
397.67
10.49
29.71
16.50
73.27
249.00
6.50
3.60
33.48
75.00
269.00
59.99
22.50
155.00
5.50
9.50
9.50
7.50
7.76
7.99
1925.00
10.05
19.99
7.49
2.98
50.00
375.00
10.99
0.97
2245.50
30.05
160.00
13.00
41.42
74.07
0.26
0.01
435.00
68.49
21.75
264.99
0.11
77.00
31.01
82.00
31.00
38.23
24.50
18.97
50.97
9.89
12.99
1.00
26.00
29.99
127.42
180.00
0.94
189.99
332.00
56.00
20.75
14.95
99.00
3.75
16.08
100.00
2.25
72.01
19.50
4.00
2.25
21.00
31.00
20.50
18.99
788.49
30.00
60.99
12.00
27.99
399.00
449.00
9.00
5.50
5.99
20.50
450.00
22.00
17.12
3105.00
1.29
6.00
0.82
295.00
80.00
3.99
9.99
1.25
62.00
8.50
351.00
9.99
0.01
4.80
4.45
3.65
4.25
10.50
3.23
4.80
3.74
79.00
13.00
510.00
65.00
8.99
40.00
4.25
0.69
44.50
0.01
9.99
9.52
39.82
120.00
118.99
18.50
225.00
7.98
10.99
15.50
14.51
94.95
2.75
1.75
199.99
9.99
42.00
2.75
100.00
39.95
3.25
115.87
89.95
22.53
23.50
5.99
13.00
165.00
85.00
4.60
175.00
4.75
498.90
30.99
46.80
12.75
13.00
33.00
2379.00
107.50
23.55
319.99
28.00
9.99
25.00
123.99
15.50
3.00
9.99
1295.00
18.99
150.00
21.00
63.00
45.00
19.51
29.99
152.50
9.99
31.84
2628.29
33.45
42.00
79.00
149.00
75.00
89.00
75.00
319.00
7.99
2.50
899.00
99.50
0.94
35.84
259.99
0.11
32.00
397.67
10.49
29.71
16.50
73.27
249.00
6.50
3.60
33.48
75.00
269.00
59.99
22.50
155.00
5.50
9.50
9.50
7.50
7.76
7.99
1925.00
10.05
19.99
7.49
2.98
50.00
375.00
10.99
0.97
2245.50
30.05
160.00
13.00
41.42
74.07
0.26
0.01
435.00
68.49
21.75
264.99
0.11
77.00
31.01
82.00
31.00
38.23
24.50
18.97
50.97
9.89
12.99
1.00
26.00
29.99
127.42
180.00
0.94
189.99
332.00
56.00
20.75
14.95
99.00
3.75
16.08
100.00
2.25
72.01
19.50
4.00
2.25
21.00
31.00
20.50
18.99
788.49
30.00
60.99
12.00
27.99
399.00
449.00
9.00
5.50
5.99
20.50
450.00
22.00
17.12
3105.00
1.29
6.00
0.82
295.00
80.00
3.99
9.99
1.25
62.00
8.50
351.00
9.99
0.01
4.80
4.45
3.65
4.25
10.50
3.23
4.80
3.74
79.00
13.00
510.00
65.00
8.99
40.00
4.25
0.69
44.50
0.01
9.99
9.52
39.82
120.00
118.99
18.50
225.00
7.98
10.99
15.50
14.51
94.95
2.75
1.75
199.99
9.99
42.00
2.75
100.00
39.95
3.25
115.87
89.95
22.53
23.50
5.99
13.00
165.00
85.00
4.60
175.00
4.75
498.90
30.99
46.80
12.75
13.00
33.00
2379.00
107.50
23.55
319.99
28.00
9.99
25.00
123.99
15.50
3.00
9.99
1295.00
18.99
150.00
21.00
63.00
45.00
19.51
29.99
152.50
9.99
31.84
2628.29
33.45
42.00
79.00
149.00
75.00
89.00
75.00
319.00
7.99
2.50
899.00
99.50
0.94
35.84
259.99
0.11
32.00
397.67
10.49
29.71
16.50
73.27
249.00
6.50
3.60
33.48
75.00
269.00
59.99
22.50
155.00
5.50
9.50
9.50
7.50
7.76
7.99
1925.00
10.05
19.99
7.49
2.98
50.00
375.00
10.99
0.97
2245.50
30.05
160.00
13.00
41.42
74.07
0.26
0.01
435.00
68.49
21.75
264.99
0.11
77.00
31.01
82.00
31.00
38.23
24.50
18.97
50.97
9.89
12.99
1.00
26.00
29.99
127.42
180.00
0.94
189.99
332.00
56.00
20.75
14.95
99.00
3.75
16.08
100.00
2.25
72.01
19.50
4.00
2.25
21.00
31.00
20.50
18.99
788.49
30.00
60.99
12.00
27.99
399.00
449.00
9.00
5.50
5.99
20.50
450.00
22.00
17.12
3105.00
1.29
6.00
0.82
295.00
80.00
3.99
9.99
1.25
62.00
8.50
351.00
9.99
0.01
4.80
4.45
3.65
4.25
10.50
3.23
4.80
3.74
79.00
13.00
510.00
65.00
8.99
40.00
4.25
0.69
44.50
0.01
9.99
9.52
39.82
120.00
118.99
18.50
225.00
7.98
10.99
15.50
14.51
94.95
2.75
1.75
199.99
9.99
42.00
2.75
100.00
39.95
3.25
115.87
89.95
22.53
23.50
5.99
13.00
165.00
85.00
4.60
175.00
4.75
498.90
30.99
46.80
12.75
13.00
33.00
2379.00
107.50
23.55
319.99
28.00
9.99
25.00
123.99
15.50
3.00
9.99
1295.00
18.99
150.00
21.00
63.00
45.00
19.51
29.99
152.50
9.99
31.84
2628.29
33.45
42.00
79.00
149.00
75.00
89.00
75.00
319.00
7.99
2.50
899.00
99.50
0.94
35.84
259.99
0.11
32.00
397.67
10.49
29.71
16.50
73.27
249.00
6.50
3.60
33.48
75.00
269.00
59.99
22.50
155.00
5.50
9.50
9.50
7.50
7.76
7.99
1925.00
10.05
19.99
7.49
2.98
50.00
375.00
10.99
0.97
2245.50
30.05
160.00
13.00
41.42
74.07
0.26
0.01
435.00
68.49
21.75
264.99
0.11
77.00
31.01
82.00
31.00
38.23
24.50
18.97
50.97
9.89
12.99
1.00
26.00
29.99
127.42
180.00
0.94
189.99
332.00
56.00
20.75
14.95
99.00
3.75
16.08
100.00
2.25
72.01
19.50
4.00
2.25
21.00
31.00
20.50
18.99
788.49
30.00
60.99
12.00
27.99
399.00
449.00
9.00
5.50
5.99
20.50
450.00
22.00
17.12
3105.00
1.29
6.00
0.82
295.00
80.00
3.99
9.99
1.25
62.00
8.50
351.00
9.99
0.01
4.80
4.45
3.65
4.25
10.50
3.23
4.80
3.74
79.00
13.00
510.00
65.00
8.99
40.00
4.25
0.69
44.50
0.01
9.99
9.52
39.82
120.00
118.99
18.50
225.00
7.98
10.99
15.50
14.51
94.95
2.75
1.75
199.99
9.99
42.00
2.75
100.00
39.95
3.25
115.87
89.95
22.53
23.50
5.99
13.00
165.00
85.00
4.60
175.00
4.75
498.90
30.99
46.80
12.75
13.00
33.00
2379.00
107.50
23.55
319.99
28.00
9.99
25.00
123.99
15.50
3.00
9.99
1295.00
18.99
150.00
21.00
63.00
45.00
19.51
29.99
152.50
9.99
31.84
2628.29
33.45
42.00
79.00
149.00
75.00
89.00
75.00
319.00
7.99
2.50
899.00
99.50
0.94
35.84
259.99
0.11
32.00
397.67
10.49
29.71
16.50
73.27
249.00
6.50
3.60
33.48
75.00
269.00
59.99
22.50
155.00
5.50
9.50
9.50
7.50
7.76
7.99
1925.00
10.05
19.99
7.49
2.98
50.00
375.00
10.99
0.97
2245.50
30.05
160.00
13.00
41.42
74.07
0.26
0.01
435.00
68.49
21.75
264.99
0.11
77.00
31.01
82.00
31.00
38.23
24.50
18.97
50.97
9.89
12.99
1.00
26.00
29.99
127.42
180.00
0.94
189.99
332.00
56.00
20.75
14.95
99.00
3.75
16.08
100.00
2.25
72.01
19.50
4.00
2.25
21.00
31.00
20.50
18.99
788.49
30.00
60.99
12.00
27.99
399.00
449.00
9.00
5.50
5.99
20.50
450.00
22.00
17.12
3105.00
1.29
6.00
0.82
295.00
80.00
3.99
9.99
1.25
62.00
8.50
351.00
9.99
0.01
4.80
4.45
3.65
4.25
10.50
3.23
4.80
3.74
79.00
13.00
510.00
65.00
8.99
40.00
4.25
0.69
44.50
0.01
9.99
9.52
39.82
120.00
118.99
18.50
225.00
7.98
10.99
15.50
14.51
94.95
2.75
1.75
199.99
9.99
42.00
2.75
100.00
39.95
3.25
115.87
89.95
22.53
23.50
5.99
13.00
165.00
85.00
4.60
175.00
4.75
498.90
30.99
46.80
12.75
13.00
33.00
2379.00
107.50
23.55
319.99
28.00
9.99
25.00
123.99
15.50
3.00
9.99
1295.00
18.99
150.00
21.00
63.00
45.00
19.51
29.99
152.50
9.99
31.84
2628.29
33.45
42.00
79.00
149.00
75.00
89.00
75.00
319.00
7.99
2.50
899.00
99.50
0.94
35.84
259.99
0.11
32.00
397.67
10.49
29.71
16.50
73.27
249.00
6.50
3.60
33.48
75.00
269.00
59.99
22.50
155.00
5.50
9.50
9.50
7.50
7.76
7.99
1925.00
10.05
19.99
7.49
2.98
50.00
375.00
10.99
0.97
2245.50
30.05
160.00
13.00
41.42
74.07
0.26
0.01
435.00
68.49
21.75
264.99
0.11
77.00
31.01
82.00
31.00
38.23
24.50
18.97
50.97
9.89
12.99
1.00
26.00
29.99
127.42
180.00
0.94
189.99
332.00
56.00
20.75
14.95
99.00
3.75
16.08
100.00
2.25
72.01
19.50
4.00
2.25
21.00
31.00
20.50
18.99
788.49
30.00
60.99
12.00
27.99
399.00
449.00
9.00
5.50
5.99
20.50
450.00
22.00
17.12
3105.00
1.29
6.00
0.82
295.00
80.00
3.99
9.99
1.25
62.00
8.50
351.00
9.99
0.01
4.80
4.45
3.65
4.25
10.50
3.23
4.80
3.74
79.00
13.00
510.00
65.00
8.99
40.00
4.25
0.69
44.50
0.01
9.99
9.52
39.82
120.00
118.99
18.50
225.00
7.98
10.99
15.50
14.51
94.95
2.75
1.75
199.99
9.99
42.00
2.75
100.00
39.95
3.25
115.87
89.95
22.53
23.50
5.99
13.00
165.00
85.00
4.60
175.00
4.75
498.90
30.99
46.80
12.75
13.00
33.00
2379.00
107.50
23.55
319.99
28.00
9.99
25.00
123.99
15.50
3.00
9.99
1295.00
18.99
150.00
21.00
63.00
45.00
19.51
29.99
152.50
9.99
31.84
2628.29
33.45
42.00
79.00
149.00
75.00
89.00
75.00
319.00
7.99
2.50
899.00
99.50
0.94
35.84
259.99
0.11
32.00
397.67
10.49
29.71
16.50
73.27
249.00
6.50
3.60
33.48
75.00
269.00
59.99
22.50
155.00
5.50
9.50
9.50
7.50
7.76
7.99
1925.00
10.05
19.99
7.49
2.98
50.00
375.00
10.99
0.97
2245.50
30.05
160.00
13.00
41.42
74.07
0.26
0.01
435.00
68.49
21.75
264.99
0.11
77.00
31.01
82.00
31.00
38.23
24.50
18.97
50.97
9.89
12.99
1.00
26.00
29.99
127.42
180.00
0.94
189.99
332.00
56.00
20.75
14.95
99.00
3.75
16.08
100.00
2.25
72.01
19.50
4.00
2.25
21.00
31.00
20.50
18.99
788.49
30.00
60.99
12.00
27.99
399.00
449.00
9.00
5.50
5.99
20.50
450.00
22.00
17.12
3105.00
1.29
6.00
0.82
295.00
80.00
3.99
9.99
1.25
62.00
8.50
351.00
9.99
0.01
4.80
4.45
3.65
4.25
10.50
3.23
4.80
3.74
79.00
13.00
510.00
65.00
8.99
40.00
4.25
0.69
44.50
0.01
9.99
9.52
39.82
120.00
118.99
18.50
225.00
7.98
10.99
15.50
14.51
94.95
2.75
1.75
199.99
9.99
42.00
2.75
100.00
39.95
3.25
115.87
89.95
22.53
23.50
5.99
13.00
165.00
85.00
4.60
175.00
4.75
498.90
30.99
46.80
12.75
13.00
33.00
2379.00
107.50
23.55
319.99
28.00
9.99
25.00
123.99
15.50
3.00
9.99
1295.00
18.99
150.00
21.00
63.00
45.00
19.51
29.99
152.50
9.99
31.84
2628.29
33.45
42.00
79.00
149.00
75.00
89.00
75.00
319.00
7.99
2.50
899.00
99.50
0.94
35.84
259.99
0.11
32.00
397.67
10.49
29.71
16.50
73.27
249.00
6.50
3.60
33.48
75.00
269.00
59.99
22.50
155.00
5.50
9.50
9.50
7.50
7.76
7.99
1925.00
10.05
19.99
7.49
2.98
50.00
375.00
10.99
0.97
2245.50
30.05
160.00
13.00
41.42
74.07
0.26
0.01
435.00
68.49
21.75
264.99
0.11
77.00
31.01
82.00
31.00
38.23
24.50
18.97
50.97
9.89
12.99
1.00
26.00
29.99
127.42
180.00
0.94
189.99
332.00
56.00
20.75
14.95
99.00
3.75
16.08
100.00
2.25
72.01
19.50
4.00
2.25
21.00
31.00
20.50
18.99
788.49
30.00
60.99
12.00
27.99
399.00
449.00
9.00
5.50
5.99
20.50
450.00
22.00
17.12
3105.00
1.29
6.00
0.82
295.00
80.00
3.99
9.99
1.25
62.00
8.50
351.00
9.99
0.01
4.80
4.45
3.65
4.25
10.50
3.23
4.80
3.74
79.00
13.00
510.00
65.00
8.99
40.00
4.25
0.69
44.50
0.01
9.99
9.52
39.82
120.00
118.99
18.50
225.00
7.98
10.99
15.50
14.51
94.95
2.75
1.75
199.99
9.99
42.00
2.75
100.00
39.95
3.25
115.87
89.95
22.53
23.50
5.99
13.00
165.00
85.00
4.60
175.00
4.75
498.90
30.99
46.80
12.75
13.00
33.00
2379.00
107.50
23.55
319.99
28.00
9.99
25.00
123.99
15.50
3.00
9.99
1295.00
18.99
150.00
21.00
63.00
45.00
19.51
29.99
152.50
9.99
31.84
2628.29
33.45
42.00
79.00
149.00
75.00
89.00
75.00
319.00
7.99
2.50
899.00
99.50
0.94
35.84
259.99
0.11
32.00
397.67
10.49
29.71
16.50
73.27
249.00
6.50
3.60
33.48
75.00
269.00
59.99
22.50
155.00
5.50
9.50
9.50
7.50
7.76
7.99
1925.00
10.05
19.99
7.49
2.98
50.00
375.00
10.99
0.97
2245.50
30.05
160.00
13.00
41.42
74.07
0.26
0.01
435.00
68.49
21.75
264.99
0.11
77.00
31.01
82.00
31.00
38.23
24.50
18.97
50.97
9.89
12.99
1.00
26.00
29.99
127.42
180.00
0.94
189.99
332.00
56.00
20.75
14.95
99.00
3.75
16.08
100.00
2.25
72.01
19.50
4.00
2.25
21.00
31.00
20.50
18.99
788.49
30.00
60.99
12.00
27.99
399.00
449.00
9.00
5.50
5.99
20.50
450.00
22.00
17.12
3105.00
1.29
6.00
0.82
295.00
80.00
3.99
9.99
1.25
62.00
8.50
351.00
9.99
0.01
4.80
4.45
3.65
4.25
10.50
3.23
4.80
3.74
79.00
13.00
510.00
65.00
8.99
40.00
4.25
0.69
44.50
0.01
9.99
9.52
39.82
120.00
118.99
18.50
225.00
7.98
10.99
15.50
14.51
94.95
2.75
1.75
199.99
9.99
42.00
2.75
100.00
39.95
3.25
115.87
89.95
22.53
23.50
5.99
13.00
165.00
85.00
4.60
175.00
4.75
498.90
30.99
46.80
12.75
13.00
33.00
2379.00
107.50
23.55
319.99
28.00
9.99
25.00
123.99
15.50
3.00
9.99
1295.00
18.99
150.00
21.00
63.00
45.00
19.51
29.99
152.50
9.99
31.84
2628.29
33.45
42.00
79.00
149.00
75.00
89.00
75.00
319.00
7.99
2.50
899.00
99.50
0.94
35.84
259.99
0.11
32.00
397.67
10.49
29.71
16.50
73.27
249.00
6.50
3.60
33.48
75.00
269.00
59.99
22.50
155.00
5.50
9.50
9.50
7.50
7.76
7.99
1925.00
10.05
19.99
7.49
2.98
50.00
375.00
10.99
0.97
2245.50
30.05
160.00
13.00
41.42
74.07
0.26
0.01
435.00
68.49
21.75
264.99
0.11
77.00
31.01
82.00
31.00
38.23
24.50
18.97
50.97
9.89
12.99
1.00
26.00
29.99
127.42
180.00
0.94
189.99
332.00
56.00
20.75
14.95
99.00
3.75
16.08
100.00
2.25
72.01
19.50
4.00
2.25
21.00
31.00
20.50
18.99
788.49
30.00
60.99
12.00
27.99
399.00
449.00
9.00
5.50
5.99
20.50
450.00
22.00
17.12
3105.00
1.29
6.00
0.82
295.00
80.00
3.99
9.99
1.25
62.00
8.50
351.00
9.99
0.01
4.80
4.45
3.65
4.25
10.50
3.23
4.80
3.74
79.00
13.00
510.00
65.00
8.99
40.00
4.25
0.69
44.50
0.01
9.99
9.52
39.82
120.00
118.99
18.50
225.00
7.98
10.99
15.50
14.51
94.95
2.75
1.75
199.99
9.99
42.00
2.75
100.00
39.95
3.25
115.87
89.95
22.53
23.50
5.99
13.00
165.00
85.00
4.60
175.00
4.75
498.90
30.99
46.80
12.75
13.00
33.00
2379.00
107.50
23.55
319.99
28.00
9.99
25.00
123.99
15.50
3.00
9.99
1295.00
18.99
150.00
21.00
63.00
45.00
19.51
29.99
152.50
9.99
31.84
2628.29
33.45
42.00
79.00
149.00
75.00
89.00
75.00
319.00
7.99
2.50
899.00
99.50
0.94
35.84
259.99
0.11
32.00
397.67
10.49
29.71
16.50
73.27
249.00
6.50
3.60
33.48
75.00
269.00
59.99
22.50
155.00
5.50
9.50
9.50
7.50
7.76
7.99
1925.00
10.05
19.99
7.49
2.98
50.00
375.00
10.99
0.97
2245.50
30.05
160.00
13.00
41.42
74.07
0.26
0.01
435.00
68.49
21.75
264.99
0.11
77.00
31.01
82.00
31.00
38.23
24.50
18.97
50.97
9.89
12.99
1.00
26.00
29.99
127.42
180.00
0.94
189.99
332.00
56.00
20.75
14.95
99.00
3.75
16.08
100.00
2.25
72.01
19.50
4.00
2.25
21.00
31.00
20.50
18.99
788.49
30.00
60.99
12.00
27.99
399.00
449.00
9.00
5.50
5.99
20.50
450.00
22.00
17.12
3105.00
1.29
6.00
0.82
295.00
80.00
3.99
9.99
1.25
62.00
8.50
351.00
9.99
0.01
4.80
4.45
3.65
4.25
10.50
3.23
4.80
3.74
79.00
13.00
510.00
65.00
8.99
40.00
4.25
0.69
44.50
0.01
9.99
9.52
39.82
120.00
118.99
18.50
225.00
7.98
10.99
15.50
14.51
94.95
2.75
1.75
199.99
9.99
42.00
2.75
100.00
39.95
3.25
115.87
89.95
22.53
23.50
5.99
13.00
165.00
85.00
4.60
175.00
4.75
498.90
30.99
46.80
12.75
13.00
33.00
2379.00
107.50
23.55
319.99
28.00
9.99
25.00
123.99
15.50
3.00
9.99
1295.00
18.99
150.00
21.00
63.00
45.00
19.51
29.99
152.50
9.99
31.84
2628.29
33.45
42.00
79.00
149.00
75.00
89.00
75.00
319.00
7.99
2.50
899.00
99.50
0.94
35.84
259.99
0.11
32.00
397.67
10.49
29.71
16.50
73.27
249.00
6.50
3.60
33.48
75.00
269.00
59.99
22.50
155.00
5.50
9.50
9.50
7.50
7.76
7.99
1925.00
10.05
19.99
7.49
2.98
50.00
375.00
10.99
0.97
2245.50
30.05
160.00
13.00
41.42
74.07
0.26
0.01
435.00
68.49
21.75
264.99
0.11
77.00
31.01
82.00
31.00
38.23
24.50
18.97
50.97
9.89
12.99
1.00
26.00
29.99
127.42
180.00
0.94
189.99
332.00
56.00
20.75
14.95
99.00
3.75
16.08
100.00
2.25
72.01
19.50
4.00
2.25
21.00
31.00
20.50
18.99
788.49
30.00
60.99
12.00
27.99
399.00
449.00
9.00
5.50
5.99
20.50
450.00
22.00
17.12
3105.00
1.29
6.00
0.82
295.00
80.00
3.99
9.99
1.25
62.00
8.50
351.00
9.99
0.01
4.80
4.45
3.65
4.25
10.50
3.23
4.80
3.74
79.00
13.00
510.00
65.00
8.99
40.00
4.25
0.69
44.50
0.01
9.99
9.52
39.82
120.00
118.99
18.50
225.00
7.98
10.99
15.50
14.51
94.95
2.75
1.75
199.99
9.99
42.00
2.75
100.00
39.95
3.25
115.87
89.95
22.53
23.50
5.99
13.00
165.00
85.00
4.60
175.00
4.75
498.90
30.99
46.80
12.75
13.00
33.00
2379.00
107.50
23.55
319.99
28.00
9.99
25.00
123.99
15.50
3.00
9.99
1295.00
18.99
150.00
21.00
63.00
45.00
19.51
29.99
152.50
9.99
31.84
2628.29
33.45
42.00
79.00
149.00
75.00
89.00
75.00
319.00
7.99
2.50
899.00
99.50
0.94
35.84
259.99
0.11
32.00
397.67
10.49
29.71
16.50
73.27
249.00
6.50
3.60
33.48
75.00
269.00
59.99
22.50
155.00
5.50
9.50
9.50
7.50
7.76
7.99
1925.00
10.05
19.99
7.49
2.98
50.00
375.00
10.99
0.97
2245.50
30.05
160.00
13.00
41.42
74.07
0.26
0.01
435.00
68.49
21.75
264.99
0.11
77.00
31.01
82.00
31.00
38.23
24.50
18.97
50.97
9.89
12.99
1.00
26.00
29.99
127.42
180.00
0.94
189.99
332.00
56.00
20.75
14.95
99.00
3.75
16.08
100.00
2.25
72.01
19.50
4.00
2.25
21.00
31.00
20.50
18.99
788.49
30.00
60.99
12.00
27.99
399.00
449.00
9.00
5.50
5.99
20.50
450.00
22.00
17.12
3105.00
1.29
6.00
0.82
295.00
80.00
3.99
9.99
1.25
62.00
8.50
351.00
9.99
0.01
4.80
4.45
3.65
4.25
10.50
3.23
4.80
3.74
79.00
13.00
510.00
65.00
8.99
40.00
4.25
0.69
44.50
0.01
9.99
9.52
39.82
120.00
118.99
18.50
225.00
7.98
10.99
15.50
14.51
94.95
2.75
1.75
199.99
9.99
42.00
2.75
100.00
39.95
3.25
115.87
89.95
22.53
23.50
5.99
13.00
165.00
85.00
4.60
175.00
4.75
498.90
30.99
46.80
12.75
13.00
33.00
2379.00
107.50
23.55
319.99
28.00
9.99
25.00
123.99
15.50
3.00
9.99
1295.00
18.99
150.00
21.00
63.00
45.00
19.51
29.99
152.50
9.99
31.84
2628.29
33.45
42.00
79.00
149.00
75.00
89.00
75.00
319.00
7.99
2.50
899.00
99.50
0.94
35.84
259.99
0.11
32.00
397.67
10.49
29.71
16.50
73.27
249.00
6.50
3.60
33.48
75.00
269.00
59.99
22.50
155.00
5.50
9.50
9.50
7.50
7.76
7.99
1925.00
10.05
19.99
7.49
2.98
50.00
375.00
10.99
0.97
2245.50
30.05
160.00
13.00
41.42
74.07
0.26
0.01
435.00
68.49
21.75
264.99
0.11
77.00
31.01
82.00
31.00
38.23
24.50
18.97
50.97
9.89
12.99
1.00
26.00
29.99
127.42
180.00
0.94
189.99
332.00
56.00
20.75
14.95
99.00
3.75
16.08
100.00
2.25
72.01
19.50
4.00
2.25
21.00
31.00
20.50
18.99
788.49
30.00
60.99
12.00
27.99
399.00
449.00
9.00
5.50
5.99
20.50
450.00
22.00
17.12
3105.00
1.29
6.00
0.82
295.00
80.00
3.99
9.99
1.25
62.00
8.50
351.00
9.99
0.01
4.80
4.45
3.65
4.25
10.50
3.23
4.80
3.74
79.00
13.00
510.00
65.00
8.99
40.00
4.25
0.69
44.50
0.01
9.99
9.52
39.82
120.00
118.99
18.50
225.00
7.98
10.99
15.50
14.51
94.95
2.75
1.75
199.99
9.99
42.00
2.75
100.00
39.95
3.25
115.87
89.95
22.53
23.50
5.99
13.00
165.00
85.00
4.60
175.00
4.75
498.90
30.99
46.80
12.75
13.00
33.00
2379.00
107.50
23.55
319.99
28.00
9.99
25.00
123.99
15.50
3.00
9.99
1295.00
18.99
150.00
21.00
63.00
45.00
19.51
29.99
152.50
9.99
31.84
2628.29
33.45
42.00
79.00
149.00
75.00
89.00
75.00
319.00
7.99
2.50
899.00
99.50
0.94
35.84
259.99
0.11
32.00
397.67
10.49
29.71
16.50
73.27
249.00
6.50
3.60
33.48
75.00
269.00
59.99
22.50
155.00
5.50
9.50
9.50
7.50
7.76
7.99
1925.00
10.05
19.99
7.49
2.98
50.00
375.00
10.99
0.97
2245.50
30.05
160.00
13.00
41.42
74.07
0.26
0.01
435.00
68.49
21.75
264.99
0.11
77.00
31.01
82.00
31.00
38.23
24.50
18.97
50.97
9.89
12.99
1.00
26.00
29.99
127.42
180.00
0.94
189.99
332.00
56.00
20.75
14.95
99.00
3.75
16.08
100.00
2.25
72.01
19.50
4.00
2.25
21.00
31.00
20.50
18.99
788.49
30.00
60.99
12.00
27.99
399.00
449.00
9.00
5.50
5.99
20.50
450.00
22.00
17.12
3105.00
1.29
6.00
0.82
295.00
80.00
3.99
9.99
1.25
62.00
8.50
351.00
9.99
0.01
4.80
4.45
3.65
4.25
10.50
3.23
4.80
3.74
79.00
13.00
510.00
65.00
8.99
40.00
4.25
0.69
44.50
0.01
9.99
9.52
39.82
120.00
118.99
18.50
225.00
7.98
10.99
15.50
14.51
94.95
2.75
1.75
199.99
9.99
42.00
2.75
100.00
39.95
3.25
115.87
89.95
22.53
23.50
5.99
13.00
165.00
85.00
4.60
175.00
4.75
498.90
30.99
46.80
12.75
13.00
33.00
2379.00
107.50
23.55
319.99
28.00
9.99
25.00
123.99
15.50
3.00
9.99
1295.00
18.99
150.00
21.00
63.00
45.00
19.51
29.99
152.50
9.99
31.84
2628.29
33.45
42.00
79.00
149.00
75.00
89.00
75.00
319.00
7.99
2.50
899.00
99.50
0.94
35.84
259.99
0.11
32.00
397.67
10.49
29.71
16.50
73.27
249.00
6.50
3.60
33.48
75.00
269.00
59.99
22.50
155.00
5.50
9.50
9.50
7.50
7.76
7.99
1925.00
10.05
19.99
7.49
2.98
50.00
375.00
10.99
0.97
2245.50
30.05
160.00
13.00
41.42
74.07
0.26
0.01
435.00
68.49
21.75
264.99
0.11
77.00
31.01
82.00
31.00
38.23
24.50
18.97
50.97
9.89
12.99
1.00
26.00
29.99
127.42
180.00
0.94
189.99
332.00
56.00
20.75
14.95
99.00
3.75
16.08
100.00
2.25
72.01
19.50
4.00
2.25
21.00
31.00
20.50
18.99
788.49
30.00
60.99
12.00
27.99
399.00
449.00
9.00
5.50
5.99
20.50
450.00
22.00
17.12
3105.00
1.29
6.00
0.82
295.00
80.00
3.99
9.99
1.25
62.00
8.50
351.00
9.99
0.01
4.80
4.45
3.65
4.25
10.50
3.23
4.80
3.74
79.00
13.00
510.00
65.00
8.99
40.00
4.25
0.69
44.50
0.01
9.99
9.52
39.82
120.00
118.99
18.50
225.00
7.98
10.99
15.50
14.51
94.95
2.75
1.75
199.99
9.99
42.00
2.75
100.00
39.95
3.25
115.87
89.95
22.53
23.50
5.99
13.00
165.00
85.00
4.60
175.00
4.75
498.90
30.99
46.80
12.75
13.00
33.00
2379.00
107.50
23.55
319.99
28.00
9.99
25.00
123.99
15.50
3.00
9.99
1295.00
18.99
150.00
21.00
63.00
45.00
19.51
29.99
152.50
9.99
31.84
2628.29
33.45
42.00
79.00
149.00
75.00
89.00
75.00
319.00
7.99
2.50
899.00
99.50
0.94
35.84
259.99
0.11
32.00
397.67
10.49
29.71
16.50
73.27
249.00
6.50
3.60
33.48
75.00
269.00
59.99
22.50
155.00
5.50
9.50
9.50
7.50
7.76
7.99
1925.00
10.05
19.99
7.49
2.98
50.00
375.00
10.99
0.97
2245.50
30.05
160.00
13.00
41.42
74.07
0.26
0.01
435.00
68.49
21.75
264.99
0.11
77.00
31.01
82.00
31.00
38.23
24.50
18.97
50.97
9.89
12.99
1.00
26.00
29.99
127.42
180.00
0.94
189.99
332.00
56.00
20.75
14.95
99.00
3.75
16.08
100.00
2.25
72.01
19.50
4.00
2.25
21.00
31.00
20.50
18.99
788.49
30.00
60.99
12.00
27.99
399.00
449.00
9.00
5.50
5.99
20.50
450.00
22.00
17.12
3105.00
1.29
6.00
0.82
295.00
80.00
3.99
9.99
1.25
62.00
8.50
351.00
9.99
0.01
4.80
4.45
3.65
4.25
10.50
3.23
4.80
3.74
79.00
13.00
510.00
65.00
8.99
40.00
4.25
0.69
44.50
0.01
9.99
9.52
39.82
120.00
118.99
18.50
225.00
7.98
10.99
15.50
14.51
94.95
2.75
1.75
199.99
9.99
42.00
2.75
100.00
39.95
3.25
115.87
89.95
22.53
23.50
5.99
13.00
165.00
85.00
4.60
175.00
4.75
498.90
30.99
46.80
12.75
13.00
33.00
2379.00
107.50
23.55
319.99
28.00
9.99
25.00
123.99
15.50
3.00
9.99
1295.00
18.99
150.00
21.00
63.00
45.00
19.51
29.99
152.50
9.99
31.84
2628.29
33.45
42.00
79.00
149.00
75.00
89.00
75.00
319.00
7.99
2.50
899.00
99.50
0.94
35.84
259.99
0.11
32.00
397.67
10.49
29.71
16.50
73.27
249.00
6.50
3.60
33.48
75.00
269.00
59.99
22.50
155.00
5.50
9.50
9.50
7.50
7.76
7.99
1925.00
10.05
19.99
7.49
2.98
50.00
375.00
10.99
0.97
2245.50
30.05
160.00
13.00
41.42
74.07
0.26
0.01
435.00
68.49
21.75
264.99
0.11
77.00
31.01
82.00
31.00
38.23
24.50
18.97
50.97
9.89
12.99
1.00
26.00
29.99
127.42
180.00
0.94
189.99
332.00
56.00
20.75
14.95
99.00
3.75
16.08
100.00
2.25
72.01
19.50
4.00
2.25
21.00
31.00
20.50
18.99
788.49
30.00
60.99
12.00
27.99
399.00
449.00
9.00
5.50
5.99
20.50
450.00
22.00
17.12
3105.00
1.29
6.00
0.82
295.00
80.00
3.99
9.99
1.25
62.00
8.50
351.00
9.99
0.01
4.80
4.45
3.65
4.25
10.50
3.23
4.80
3.74
79.00
13.00
510.00
65.00
8.99
40.00
4.25
0.69
44.50
0.01
9.99
9.52
39.82
120.00
118.99
18.50
225.00
7.98
10.99
15.50
14.51
94.95
2.75
1.75
199.99
9.99
42.00
2.75
100.00
39.95
3.25
115.87
89.95
22.53
23.50
5.99
13.00
165.00
85.00
4.60
175.00
4.75
498.90
30.99
46.80
12.75
13.00
33.00
2379.00
107.50
23.55
319.99
28.00
9.99
25.00
123.99
15.50
3.00
9.99
1295.00
18.99
150.00
21.00
63.00
45.00
19.51
29.99
152.50
9.99
31.84
2628.29
33.45
42.00
79.00
149.00
75.00
89.00
75.00
319.00
7.99
2.50
899.00
99.50
0.94
35.84
259.99
0.11
32.00
397.67
10.49
29.71
16.50
73.27
249.00
6.50
3.60
33.48
75.00
269.00
59.99
22.50
155.00
5.50
9.50
9.50
7.50
7.76
7.99
1925.00
10.05
19.99
7.49
2.98
50.00
375.00
10.99
0.97
2245.50
30.05
160.00
13.00
41.42
74.07
0.26
0.01
435.00
68.49
21.75
264.99
0.11
77.00
31.01
82.00
31.00
38.23
24.50
18.97
50.97
9.89
12.99
1.00
26.00
29.99
127.42
180.00
0.94
189.99
332.00
56.00
20.75
14.95
99.00
3.75
16.08
100.00
2.25
72.01
19.50
4.00
2.25
21.00
31.00
20.50
18.99
788.49
30.00
60.99
12.00
27.99
399.00
449.00
9.00
5.50
5.99
20.50
450.00
22.00
17.12
3105.00
1.29
6.00
0.82
295.00
80.00
3.99
9.99
1.25
62.00
8.50
351.00
9.99
0.01
4.80
4.45
3.65
4.25
10.50
3.23
4.80
3.74
79.00
13.00
510.00
65.00
8.99
40.00
4.25
0.69
44.50
0.01
9.99
9.52
39.82
120.00
118.99
18.50
225.00
7.98
10.99
15.50
14.51
94.95
2.75
1.75
199.99
9.99
42.00
2.75
100.00
39.95
3.25
115.87
89.95
22.53
23.50
5.99
13.00
165.00
85.00
4.60
175.00
4.75
498.90
30.99
46.80
12.75
13.00
33.00
2379.00
107.50
23.55
319.99
28.00
9.99
25.00
123.99
15.50
3.00
9.99
1295.00
18.99
150.00
21.00
63.00
45.00
19.51
29.99
152.50
9.99
31.84
2628.29
33.45
42.00
79.00
149.00
75.00
89.00
75.00
319.00
7.99
2.50
899.00
99.50
0.94
35.84
259.99
0.11
32.00
397.67
10.49
29.71
16.50
73.27
249.00
6.50
3.60
33.48
75.00
269.00
59.99
22.50
155.00
5.50
9.50
9.50
7.50
7.76
7.99
1925.00
10.05
19.99
7.49
2.98
50.00
375.00
10.99
0.97
2245.50
30.05
160.00
13.00
41.42
74.07
0.26
0.01
435.00
68.49
21.75
264.99
0.11
77.00
31.01
82.00
31.00
38.23
24.50
18.97
50.97
9.89
12.99
1.00
26.00
29.99
127.42
180.00
0.94
189.99
332.00
56.00
20.75
14.95
99.00
3.75
16.08
100.00
2.25
72.01
19.50
4.00
2.25
21.00
31.00
20.50
18.99
788.49
30.00
60.99
12.00
27.99
399.00
449.00
9.00
5.50
5.99
20.50
450.00
22.00
17.12
3105.00
1.29
6.00
0.82
295.00
80.00
3.99
9.99
1.25
62.00
8.50
351.00
9.99
0.01
4.80
4.45
3.65
4.25
10.50
3.23
4.80
3.74
79.00
13.00
510.00
65.00
8.99
40.00
4.25
0.69
44.50
0.01
9.99
9.52
39.82
120.00
118.99
18.50
225.00
7.98
10.99
15.50
14.51
94.95
2.75
1.75
199.99
9.99
42.00
2.75
100.00
39.95
3.25
115.87
89.95
22.53
23.50
5.99
13.00
165.00
85.00
4.60
175.00
4.75
498.90
30.99
46.80
12.75
13.00
33.00
2379.00
107.50
23.55
319.99
28.00
9.99
25.00
123.99
15.50
3.00
9.99
1295.00
18.99
150.00
21.00
63.00
45.00
19.51
29.99
152.50
9.99
31.84
2628.29
33.45
42.00
79.00
149.00
75.00
89.00
75.00
319.00
7.99
2.50
899.00
99.50
0.94
35.84
259.99
0.11
32.00
397.67
10.49
29.71
16.50
73.27
249.00
6.50
3.60
33.48
75.00
269.00
59.99
22.50
155.00
5.50
9.50
9.50
7.50
7.76
7.99
1925.00
10.05
19.99
7.49
2.98
50.00
375.00
10.99
0.97
2245.50
30.05
160.00
13.00
41.42
74.07
0.26
0.01
435.00
68.49
21.75
264.99
0.11
77.00
31.01
82.00
31.00
38.23
24.50
18.97
50.97
9.89
12.99
1.00
26.00
29.99
127.42
180.00
0.94
189.99
332.00
56.00
20.75
14.95
99.00
3.75
16.08
100.00
2.25
72.01
19.50
4.00
2.25
21.00
31.00
20.50
18.99
788.49
30.00
60.99
12.00
27.99
399.00
449.00
9.00
5.50
5.99
20.50
450.00
22.00
17.12
3105.00
1.29
6.00
0.82
295.00
80.00
3.99
9.99
1.25
62.00
8.50
351.00
9.99
0.01
4.80
4.45
3.65
4.25
10.50
3.23
4.80
3.74
79.00
13.00
510.00
65.00
8.99
40.00
4.25
0.69
44.50
0.01
9.99
9.52
39.82
120.00
118.99
18.50
225.00
7.98
10.99
15.50
14.51
94.95
2.75
1.75
199.99
9.99
42.00
2.75
100.00
39.95
3.25
115.87
89.95
22.53
23.50
5.99
13.00
165.00
85.00
4.60
175.00
4.75
498.90
30.99
46.80
12.75
13.00
33.00
2379.00
107.50
23.55
319.99
28.00
9.99
25.00
123.99
15.50
3.00
9.99
1295.00
18.99
150.00
21.00
63.00
45.00
19.51
29.99
152.50
9.99
31.84
2628.29
33.45
42.00
79.00
149.00
75.00
89.00
75.00
319.00
7.99
2.50
899.00
99.50
0.94
35.84
259.99
0.11
32.00
397.67
10.49
29.71
16.50
73.27
249.00
6.50
3.60
33.48
75.00
269.00
59.99
22.50
155.00
5.50
9.50
9.50
7.50
7.76
7.99
1925.00
10.05
19.99
7.49
2.98
50.00
375.00
10.99
0.97
2245.50
30.05
160.00
13.00
41.42
74.07
0.26
0.01
435.00
68.49
21.75
264.99
0.11
77.00
31.01
82.00
31.00
38.23
24.50
18.97
50.97
9.89
12.99
1.00
26.00
29.99
127.42
180.00
0.94
189.99
332.00
56.00
20.75
14.95
99.00
3.75
16.08
100.00
2.25
72.01
19.50
4.00
2.25
21.00
31.00
20.50
18.99
788.49
30.00
60.99
12.00
27.99
399.00
449.00
9.00
5.50
5.99
20.50
450.00
22.00
17.12
3105.00
1.29
6.00
0.82
295.00
80.00
3.99
9.99
1.25
62.00
8.50
351.00
9.99
0.01
4.80
4.45
3.65
4.25
10.50
3.23
4.80
3.74
79.00
13.00
510.00
65.00
8.99
40.00
4.25
0.69
44.50
0.01
9.99
9.52
39.82
120.00
118.99
18.50
225.00
7.98
10.99
15.50
14.51
94.95
2.75
1.75
199.99
9.99
42.00
2.75
100.00
39.95
3.25
115.87
89.95
22.53
23.50
5.99
13.00
165.00
85.00
4.60
175.00
4.75
498.90
30.99
46.80
12.75
13.00
33.00
2379.00
107.50
23.55
319.99
28.00
9.99
25.00
123.99
15.50
3.00
9.99
1295.00
18.99
150.00
21.00
63.00
45.00
19.51
29.99
152.50
9.99
31.84
2628.29
33.45
42.00
79.00
149.00
75.00
89.00
75.00
319.00
7.99
2.50
899.00
99.50
0.94
35.84
259.99
0.11
32.00
397.67
10.49
29.71
16.50
73.27
249.00
6.50
3.60
33.48
75.00
269.00
59.99
22.50
155.00
5.50
9.50
9.50
7.50
7.76
7.99
1925.00
10.05
19.99
7.49
2.98
50.00
375.00
10.99
0.97
2245.50
30.05
160.00
13.00
41.42
74.07
0.26
0.01
435.00
68.49
21.75
264.99
0.11
77.00
31.01
82.00
31.00
38.23
24.50
18.97
50.97
9.89
12.99
1.00
26.00
29.99
127.42
180.00
0.94
189.99
332.00
56.00
20.75
14.95
99.00
3.75
16.08
100.00
2.25
72.01
19.50
4.00
2.25
21.00
31.00
20.50
18.99
788.49
30.00
60.99
12.00
27.99
399.00
449.00
9.00
5.50
5.99
20.50
450.00
22.00
17.12
3105.00
1.29
6.00
0.82
295.00
80.00
3.99
9.99
1.25
62.00
8.50
351.00
9.99
0.01
4.80
4.45
3.65
4.25
10.50
3.23
4.80
3.74
79.00
13.00
510.00
65.00
8.99
40.00
4.25
0.69
44.50
0.01
9.99
9.52
39.82
120.00
118.99
18.50
225.00
7.98
10.99
15.50
14.51
94.95
2.75
1.75
199.99
9.99
42.00
2.75
100.00
39.95
3.25
115.87
89.95
22.53
23.50
5.99
13.00
165.00
85.00
4.60
175.00
4.75
498.90
30.99
46.80
12.75
13.00
33.00
2379.00
107.50
23.55
319.99
28.00
9.99
25.00
123.99
15.50
3.00
9.99
1295.00
18.99
150.00
21.00
63.00
45.00
19.51
29.99
152.50
9.99
31.84
2628.29
33.45
42.00
79.00
149.00
75.00
89.00
75.00
319.00
7.99
2.50
899.00
99.50
0.94
35.84
259.99
0.11
32.00
397.67
10.49
29.71
16.50
73.27
249.00
6.50
3.60
33.48
75.00
269.00
59.99
22.50
155.00
5.50
9.50
9.50
7.50
7.76
7.99
1925.00
10.05
19.99
7.49
2.98
50.00
375.00
10.99
0.97
2245.50
30.05
160.00
13.00
41.42
74.07
0.26
0.01
435.00
68.49
21.75
264.99
0.11
77.00
31.01
82.00
31.00
38.23
24.50
18.97
50.97
9.89
12.99
1.00
26.00
29.99
127.42
180.00
0.94
189.99
332.00
56.00
20.75
14.95
99.00
3.75
16.08
100.00
2.25
72.01
19.50
4.00
2.25
21.00
31.00
20.50
18.99
788.49
30.00
60.99
12.00
27.99
399.00
449.00
9.00
5.50
5.99
20.50
450.00
22.00
17.12
3105.00
1.29
6.00
0.82
295.00
80.00
3.99
9.99
1.25
62.00
8.50
351.00
9.99
0.01
4.80
4.45
3.65
4.25
10.50
3.23
4.80
3.74
79.00
13.00
510.00
65.00
8.99
40.00
4.25
0.69
44.50
0.01
9.99
9.52
39.82
120.00
118.99
18.50
225.00
7.98
10.99
15.50
14.51
94.95
2.75
1.75
199.99
9.99
42.00
2.75
100.00
39.95
3.25
115.87
89.95
22.53
23.50
5.99
13.00
165.00
85.00
4.60
175.00
4.75
498.90
30.99
46.80
12.75
13.00
33.00
2379.00
107.50
23.55
319.99
28.00
9.99
25.00
123.99
15.50
3.00
9.99
1295.00
18.99
150.00
21.00
63.00
45.00
19.51
29.99
152.50
9.99
31.84
2628.29
33.45
42.00
79.00
149.00
75.00
89.00
75.00
319.00
7.99
2.50
899.00
99.50
0.94
35.84
259.99
0.11
32.00
397.67
10.49
29.71
16.50
73.27
249.00
6.50
3.60
33.48
75.00
269.00
59.99
22.50
155.00
5.50
9.50
9.50
7.50
7.76
7.99
1925.00
10.05
19.99
7.49
2.98
50.00
375.00
10.99
0.97
2245.50
30.05
160.00
13.00
41.42
74.07
0.26
0.01
435.00
68.49
21.75
264.99
0.11
77.00
31.01
82.00
31.00
38.23
24.50
18.97
50.97
9.89
12.99
1.00
26.00
29.99
127.42
180.00
0.94
189.99
332.00
56.00
20.75
14.95
99.00
3.75
16.08
100.00
2.25
72.01
19.50
4.00
2.25
21.00
31.00
20.50
18.99
788.49
30.00
60.99
12.00
27.99
399.00
449.00
9.00
5.50
5.99
20.50
450.00
22.00
17.12
3105.00
1.29
6.00
0.82
295.00
80.00
3.99
9.99
1.25
62.00
8.50
351.00
9.99
0.01
4.80
4.45
3.65
4.25
10.50
3.23
4.80
3.74
79.00
13.00
510.00
65.00
8.99
40.00
4.25
0.69
44.50
0.01
9.99
9.52
39.82
120.00
118.99
18.50
225.00
7.98
10.99
15.50
14.51
94.95
2.75
1.75
199.99
9.99
42.00
2.75
100.00
39.95
3.25
115.87
89.95
22.53
23.50
5.99
13.00
165.00
85.00
4.60
175.00
4.75
498.90
30.99
46.80
12.75
13.00
33.00
2379.00
107.50
23.55
319.99
28.00
9.99
25.00
123.99
15.50
3.00
9.99
1295.00
18.99
150.00
21.00
63.00
45.00
19.51
29.99
152.50
9.99
31.84
2628.29
33.45
42.00
79.00
149.00
75.00
89.00
75.00
319.00
7.99
2.50
899.00
99.50
0.94
35.84
259.99
0.11
32.00
397.67
10.49
29.71
16.50
73.27
249.00
6.50
3.60
33.48
75.00
269.00
59.99
22.50
155.00
5.50
9.50
9.50
7.50
7.76
7.99
1925.00
10.05
19.99
7.49
2.98
50.00
375.00
10.99
0.97
2245.50
30.05
160.00
13.00
41.42
74.07
0.26
0.01
435.00
68.49
21.75
264.99
0.11
77.00
31.01
82.00
31.00
38.23
24.50
18.97
50.97
9.89
12.99
1.00
26.00
29.99
127.42
180.00
0.94
189.99
332.00
56.00
20.75
14.95
99.00
3.75
16.08
100.00
2.25
72.01
19.50
4.00
2.25
21.00
31.00
20.50
18.99
788.49
30.00
60.99
12.00
27.99
399.00
449.00
9.00
5.50
5.99
20.50
450.00
22.00
17.12
3105.00
1.29
6.00
0.82
295.00