16.49
7.00
3.75
4.99
5.96
2.99
7.49
26.99
21.99
6.00
19.99
10.49
20.50
18.50
15.50
14.50
4.79
7.99
18.99
3.99
19.51
17.00
76.00
50.97
22.50
8.99
3.00
4.75
32.50
3.30
5.99
30.00
2.25
0.99
13.49
24.99
12.50
11.99
15.50
15.76
1.55
30.99
19.99
19.91
1.00
13.49
15.93
5.50
0.99
2.02
16.49
41.42
8.00
57.34
0.75
27.00
11.50
13.99
11.01
7.50
29.99
1.25
0.99
27.99
1.29
22.88
3.50
22.99
15.75
13.37
9.95
11.96
162.50
71.68
1.99
49.99
25.49
12.25
35.00
33.45
15.50
7.00
18.50
1.83
3.99
19.99
9.99
1.29
22.50
5.50
12.50
9.50
12.99
16.39
2.25
2.00
9.00
18.99
24.99
47.00
12.51
60.00
25.49
20.50
14.49
16.49
9.99
2.12
58.25
23.00