187.99
26.95
75.00
5868.75
149.99
2.58
13.49
27.50
33.62
2.95
51.90
29.99
26.00
26.85
6.25
4.51
27.75
12.99
25.00
115.00
10.99
174.99
4.90
27.01
110.19
9.99
169.99
21.50
16.37
125.99
15.00
53.00
79.99
19.95
122.49
1.29
2.52
5.48
99.99
0.01
16.00
253.33
409.00
56.00
15.50
5.05
3.47
4.05
2.76
1.25
5.00
4.50
4.75
2.94
3.40
4.25
1.75
4.25
4.75
5.50
1.75
2.94
3.25
3.35
2.14
3.58
4.78
2.81
4.14
5.19
16.88
0.99
2.99
3.14
20.50
9.99
40.00
12.00
21.99
34.99
1.54
74.00
4.26
85.00
11.50
9.99
4.00
6.85
2.56
145.31
2.00
40.00
40.00
40.00
40.00
55.00
40.00
199.00
10.94
1.29
50.99
0.99
0.99
5.75
9.99
135.49
3.99
79.00
28.00
5.00
8438.00
6.50
1000.00
14.99
550.00
30.00
5.50
8.95
10.50
9.99
22.38
47.16
0.99
20.50
325.00
8.98
6.71
1.29
23.94
104.50
13.00
5.50
51.00
12.78
178.18
12.49
29.99
1790.00
87.33
36.98
200.00
14.45
6.99
7.95
12.99
100.00
7.50
9.99
5.99
75.00
2.76
54.00
1.79
96.95
4.00
5.50
150.00
19.99
9.99
15.00
10.50
3.00
200.00
11.50
3.45
3.00
45.00
47.83
1900.00
9.99
99.99
51.00
10.50
16.00
350.00
42.00
99.00
0.01
7.50
15.50
66.00
11.55
25.01
22.39
6.37
5.50
365.00
8.29
15.00
15.50
72.99
30.95
5.00
126.64
0.01
0.01
0.01
0.01
0.10
3.50
80.00
3.99
9.99
1.25
62.00
8.50
351.00
9.99
0.01
4.80
4.45
3.65
4.25
10.50
3.23
4.80
3.74
79.00
13.00
510.00
65.00
8.99
40.00
4.25
0.69
44.50
0.01
9.99
9.52
39.93
120.00
118.99
18.50
225.00
7.98
10.99
15.50
14.51
94.95
2.75
1.75
199.99
9.99
42.00
2.75
100.00
39.95
3.25
115.87
89.95
22.53
23.50
5.99
13.00
165.00
85.00
4.60
175.00
4.75
498.90
30.99
46.80
12.75
13.00
33.00
2379.00
107.50
23.55
319.99
28.00
9.99
25.00
123.99
15.50
3.00
9.99
1295.00
18.99
150.00
21.00
63.00
45.00
19.51
29.99
152.50
9.99
31.92
2635.05
33.54
42.00
79.00
149.00
75.00
89.00
75.00
319.00
7.99
2.50
899.00
99.50
0.94
35.93
259.99
0.11
32.00
397.67
10.49
29.71
16.50
73.46
249.00
6.50
3.60
33.48
75.00
269.00
59.99
22.50
155.00
5.50
9.50
9.50
7.50
7.76
7.99
1925.00
10.05
19.99
7.49
2.99
50.00
375.00
10.99
0.97
2245.50
30.05
160.00
13.00
41.52
74.26
0.26
0.01
435.00
68.67
21.75
264.99
0.11
77.00
31.01
82.00
31.00
38.33
24.50
18.97
51.10
9.89
12.99
1.00
26.00
29.99
127.74
180.00
0.94
189.99
332.00
56.00
20.75
14.95
99.00
3.75
16.08
100.00
2.25
72.01
19.50
4.00
2.25
21.00
31.00
20.50
18.99
790.52
30.00
60.99
12.00
27.99
399.00
449.00
9.00
5.50
5.99
20.50
450.00
22.00
17.17
3105.00
1.29
6.00
0.82
295.00
80.00
3.99
9.99
1.25
62.00
8.50
351.00
9.99
0.01
4.80
4.45
3.65
4.25
10.50
3.23
4.80
3.74
79.00
13.00
510.00
65.00
8.99
40.00
4.25
0.69
44.50
0.01
9.99
9.52
39.93
120.00
118.99
18.50
225.00
7.98
10.99
15.50
14.51
94.95
2.75
1.75
199.99
9.99
42.00
2.75
100.00
39.95
3.25
115.87
89.95
22.53
23.50
5.99
13.00
165.00
85.00
4.60
175.00
4.75
498.90
30.99
46.80
12.75
13.00
33.00
2379.00
107.50
23.55
319.99
28.00
9.99
25.00
123.99
15.50
3.00
9.99
1295.00
18.99
150.00
21.00
63.00
45.00
19.51
29.99
152.50
9.99
31.92
2635.05
33.54
42.00
79.00
149.00
75.00
89.00
75.00
319.00
7.99
2.50
899.00
99.50
0.94
35.93
259.99
0.11
32.00
397.67
10.49
29.71
16.50
73.46
249.00
6.50
3.60
33.48
75.00
269.00
59.99
22.50
155.00
5.50
9.50
9.50
7.50
7.76
7.99
1925.00
10.05
19.99
7.49
2.99
50.00
375.00
10.99
0.97
2245.50
30.05
160.00
13.00
41.52
74.26
0.26
0.01
435.00
68.67
21.75
264.99
0.11
77.00
31.01
82.00
31.00
38.33
24.50
18.97
51.10
9.89
12.99
1.00
26.00
29.99
127.74
180.00
0.94
189.99
332.00
56.00
20.75
14.95
99.00
3.75
16.08
100.00
2.25
72.01
19.50
4.00
2.25
21.00
31.00
20.50
18.99
790.52
30.00
60.99
12.00
27.99
399.00
449.00
9.00
5.50
5.99
20.50
450.00
22.00
17.17
3105.00
1.29
6.00
0.82
295.00
80.00
3.99
9.99
1.25
62.00
8.50
351.00
9.99
0.01
4.80
4.45
3.65
4.25
10.50
3.23
4.80
3.74
79.00
13.00
510.00
65.00
8.99
40.00
4.25
0.69
44.50
0.01
9.99
9.52
39.93
120.00
118.99
18.50
225.00
7.98
10.99
15.50
14.51
94.95
2.75
1.75
199.99
9.99
42.00
2.75
100.00
39.95
3.25
115.87
89.95
22.53
23.50
5.99
13.00
165.00
85.00
4.60
175.00
4.75
498.90
30.99
46.80
12.75
13.00
33.00
2379.00
107.50
23.55
319.99
28.00
9.99
25.00
123.99
15.50
3.00
9.99
1295.00
18.99
150.00
21.00
63.00
45.00
19.51
29.99
152.50
9.99
31.92
2635.05
33.54
42.00
79.00
149.00
75.00
89.00
75.00
319.00
7.99
2.50
899.00
99.50
0.94
35.93
259.99
0.11
32.00
397.67
10.49
29.71
16.50
73.46
249.00
6.50
3.60
33.48
75.00
269.00
59.99
22.50
155.00
5.50
9.50
9.50
7.50
7.76
7.99
1925.00
10.05
19.99
7.49
2.99
50.00
375.00
10.99
0.97
2245.50
30.05
160.00
13.00
41.52
74.26
0.26
0.01
435.00
68.67
21.75
264.99
0.11
77.00
31.01
82.00
31.00
38.33
24.50
18.97
51.10
9.89
12.99
1.00
26.00
29.99
127.74
180.00
0.94
189.99
332.00
56.00
20.75
14.95
99.00
3.75
16.08
100.00
2.25
72.01
19.50
4.00
2.25
21.00
31.00
20.50
18.99
790.52
30.00
60.99
12.00
27.99
399.00
449.00
9.00
5.50
5.99
20.50
450.00
22.00
17.17
3105.00
1.29
6.00
0.82
295.00
80.00
3.99
9.99
1.25
62.00
8.50
351.00
9.99
0.01
4.80
4.45
3.65
4.25
10.50
3.23
4.80
3.74
79.00
13.00
510.00
65.00
8.99
40.00
4.25
0.69
44.50
0.01
9.99
9.52
39.93
120.00
118.99
18.50
225.00
7.98
10.99
15.50
14.51
94.95
2.75
1.75
199.99
9.99
42.00
2.75
100.00
39.95
3.25
115.87
89.95
22.53
23.50
5.99
13.00
165.00
85.00
4.60
175.00
4.75
498.90
30.99
46.80
12.75
13.00
33.00
2379.00
107.50
23.55
319.99
28.00
9.99
25.00
123.99
15.50
3.00
9.99
1295.00
18.99
150.00
21.00
63.00
45.00
19.51
29.99
152.50
9.99
31.92
2635.05
33.54
42.00
79.00
149.00
75.00
89.00
75.00
319.00
7.99
2.50
899.00
99.50
0.94
35.93
259.99
0.11
32.00
397.67
10.49
29.71
16.50
73.46
249.00
6.50
3.60
33.48
75.00
269.00
59.99
22.50
155.00
5.50
9.50
9.50
7.50
7.76
7.99
1925.00
10.05
19.99
7.49
2.99
50.00
375.00
10.99
0.97
2245.50
30.05
160.00
13.00
41.52
74.26
0.26
0.01
435.00
68.67
21.75
264.99
0.11
77.00
31.01
82.00
31.00
38.33
24.50
18.97
51.10
9.89
12.99
1.00
26.00
29.99
127.74
180.00
0.94
189.99
332.00
56.00
20.75
14.95
99.00
3.75
16.08
100.00
2.25
72.01
19.50
4.00
2.25
21.00
31.00
20.50
18.99
790.52
30.00
60.99
12.00
27.99
399.00
449.00
9.00
5.50
5.99
20.50
450.00
22.00
17.17
3105.00
1.29
6.00
0.82
295.00
80.00
3.99
9.99
1.25
62.00
8.50
351.00
9.99
0.01
4.80
4.45
3.65
4.25
10.50
3.23
4.80
3.74
79.00
13.00
510.00
65.00
8.99
40.00
4.25
0.69
44.50
0.01
9.99
9.52
39.93
120.00
118.99
18.50
225.00
7.98
10.99
15.50
14.51
94.95
2.75
1.75
199.99
9.99
42.00
2.75
100.00
39.95
3.25
115.87
89.95
22.53
23.50
5.99
13.00
165.00
85.00
4.60
175.00
4.75
498.90
30.99
46.80
12.75
13.00
33.00
2379.00
107.50
23.55
319.99
28.00
9.99
25.00
123.99
15.50
3.00
9.99
1295.00
18.99
150.00
21.00
63.00
45.00
19.51
29.99
152.50
9.99
31.92
2635.05
33.54
42.00
79.00
149.00
75.00
89.00
75.00
319.00
7.99
2.50
899.00
99.50
0.94
35.93
259.99
0.11
32.00
397.67
10.49
29.71
16.50
73.46
249.00
6.50
3.60
33.48
75.00
269.00
59.99
22.50
155.00
5.50
9.50
9.50
7.50
7.76
7.99
1925.00
10.05
19.99
7.49
2.99
50.00
375.00
10.99
0.97
2245.50
30.05
160.00
13.00
41.52
74.26
0.26
0.01
435.00
68.67
21.75
264.99
0.11
77.00
31.01
82.00
31.00
38.33
24.50
18.97
51.10
9.89
12.99
1.00
26.00
29.99
127.74
180.00
0.94
189.99
332.00
56.00
20.75
14.95
99.00
3.75
16.08
100.00
2.25
72.01
19.50
4.00
2.25
21.00
31.00
20.50
18.99
790.52
30.00
60.99
12.00
27.99
399.00
449.00
9.00
5.50
5.99
20.50
450.00
22.00
17.17
3105.00
1.29
6.00
0.82
295.00
80.00
3.99
9.99
1.25
62.00
8.50
351.00
9.99
0.01
4.80
4.45
3.65
4.25
10.50
3.23
4.80
3.74
79.00
13.00
510.00
65.00
8.99
40.00
4.25
0.69
44.50
0.01
9.99
9.52
39.93
120.00
118.99
18.50
225.00
7.98
10.99
15.50
14.51
94.95
2.75
1.75
199.99
9.99
42.00
2.75
100.00
39.95
3.25
115.87
89.95
22.53
23.50
5.99
13.00
165.00
85.00
4.60
175.00
4.75
498.90
30.99
46.80
12.75
13.00
33.00
2379.00
107.50
23.55
319.99
28.00
9.99
25.00
123.99
15.50
3.00
9.99
1295.00
18.99
150.00
21.00
63.00
45.00
19.51
29.99
152.50
9.99
31.92
2635.05
33.54
42.00
79.00
149.00
75.00
89.00
75.00
319.00
7.99
2.50
899.00
99.50
0.94
35.93
259.99
0.11
32.00
397.67
10.49
29.71
16.50
73.46
249.00
6.50
3.60
33.48
75.00
269.00
59.99
22.50
155.00
5.50
9.50
9.50
7.50
7.76
7.99
1925.00
10.05
19.99
7.49
2.99
50.00
375.00
10.99
0.97
2245.50
30.05
160.00
13.00
41.52
74.26
0.26
0.01
435.00
68.67
21.75
264.99
0.11
77.00
31.01
82.00
31.00
38.33
24.50
18.97
51.10
9.89
12.99
1.00
26.00
29.99
127.74
180.00
0.94
189.99
332.00
56.00
20.75
14.95
99.00
3.75
16.08
100.00
2.25
72.01
19.50
4.00
2.25
21.00
31.00
20.50
18.99
790.52
30.00
60.99
12.00
27.99
399.00
449.00
9.00
5.50
5.99
20.50
450.00
22.00
17.17
3105.00
1.29
6.00
0.82
295.00
80.00
3.99
9.99
1.25
62.00
8.50
351.00
9.99
0.01
4.80
4.45
3.65
4.25
10.50
3.23
4.80
3.74
79.00
13.00
510.00
65.00
8.99
40.00
4.25
0.69
44.50
0.01
9.99
9.52
39.93
120.00
118.99
18.50
225.00
7.98
10.99
15.50
14.51
94.95
2.75
1.75
199.99
9.99
42.00
2.75
100.00
39.95
3.25
115.87
89.95
22.53
23.50
5.99
13.00
165.00
85.00
4.60
175.00
4.75
498.90
30.99
46.80
12.75
13.00
33.00
2379.00
107.50
23.55
319.99
28.00
9.99
25.00
123.99
15.50
3.00
9.99
1295.00
18.99
150.00
21.00
63.00
45.00
19.51
29.99
152.50
9.99
31.92
2635.05
33.54
42.00
79.00
149.00
75.00
89.00
75.00
319.00
7.99
2.50
899.00
99.50
0.94
35.93
259.99
0.11
32.00
397.67
10.49
29.71
16.50
73.46
249.00
6.50
3.60
33.48
75.00
269.00
59.99
22.50
155.00
5.50
9.50
9.50
7.50
7.76
7.99
1925.00
10.05
19.99
7.49
2.99
50.00
375.00
10.99
0.97
2245.50
30.05
160.00
13.00
41.52
74.26
0.26
0.01
435.00
68.67
21.75
264.99
0.11
77.00
31.01
82.00
31.00
38.33
24.50
18.97
51.10
9.89
12.99
1.00
26.00
29.99
127.74
180.00
0.94
189.99
332.00
56.00
20.75
14.95
99.00
3.75
16.08
100.00
2.25
72.01
19.50
4.00
2.25
21.00
31.00
20.50
18.99
790.52
30.00
60.99
12.00
27.99
399.00
449.00
9.00
5.50
5.99
20.50
450.00
22.00
17.17
3105.00
1.29
6.00
0.82
295.00
80.00
3.99
9.99
1.25
62.00
8.50
351.00
9.99
0.01
4.80
4.45
3.65
4.25
10.50
3.23
4.80
3.74
79.00
13.00
510.00
65.00
8.99
40.00
4.25
0.69
44.50
0.01
9.99
9.52
39.93
120.00
118.99
18.50
225.00
7.98
10.99
15.50
14.51
94.95
2.75
1.75
199.99
9.99
42.00
2.75
100.00
39.95
3.25
115.87
89.95
22.53
23.50
5.99
13.00
165.00
85.00
4.60
175.00
4.75
498.90
30.99
46.80
12.75
13.00
33.00
2379.00
107.50
23.55
319.99
28.00
9.99
25.00
123.99
15.50
3.00
9.99
1295.00
18.99
150.00
21.00
63.00
45.00
19.51
29.99
152.50
9.99
31.92
2635.05
33.54
42.00
79.00
149.00
75.00
89.00
75.00
319.00
7.99
2.50
899.00
99.50
0.94
35.93
259.99
0.11
32.00
397.67
10.49
29.71
16.50
73.46
249.00
6.50
3.60
33.48
75.00
269.00
59.99
22.50
155.00
5.50
9.50
9.50
7.50
7.76
7.99
1925.00
10.05
19.99
7.49
2.99
50.00
375.00
10.99
0.97
2245.50
30.05
160.00
13.00
41.52
74.26
0.26
0.01
435.00
68.67
21.75
264.99
0.11
77.00
31.01
82.00
31.00
38.33
24.50
18.97
51.10
9.89
12.99
1.00
26.00
29.99
127.74
180.00
0.94
189.99
332.00
56.00
20.75
14.95
99.00
3.75
16.08
100.00
2.25
72.01
19.50
4.00
2.25
21.00
31.00
20.50
18.99
790.52
30.00
60.99
12.00
27.99
399.00
449.00
9.00
5.50
5.99
20.50
450.00
22.00
17.17
3105.00
1.29
6.00
0.82
295.00
80.00
3.99
9.99
1.25
62.00
8.50
351.00
9.99
0.01
4.80
4.45
3.65
4.25
10.50
3.23
4.80
3.74
79.00
13.00
510.00
65.00
8.99
40.00
4.25
0.69
44.50
0.01
9.99
9.52
39.93
120.00
118.99
18.50
225.00
7.98
10.99
15.50
14.51
94.95
2.75
1.75
199.99
9.99
42.00
2.75
100.00
39.95
3.25
115.87
89.95
22.53
23.50
5.99
13.00
165.00
85.00
4.60
175.00
4.75
498.90
30.99
46.80
12.75
13.00
33.00
2379.00
107.50
23.55
319.99
28.00
9.99
25.00
123.99
15.50
3.00
9.99
1295.00
18.99
150.00
21.00
63.00
45.00
19.51
29.99
152.50
9.99
31.92
2635.05
33.54
42.00
79.00
149.00
75.00
89.00
75.00
319.00
7.99
2.50
899.00
99.50
0.94
35.93
259.99
0.11
32.00
397.67
10.49
29.71
16.50
73.46
249.00
6.50
3.60
33.48
75.00
269.00
59.99
22.50
155.00
5.50
9.50
9.50
7.50
7.76
7.99
1925.00
10.05
19.99
7.49
2.99
50.00
375.00
10.99
0.97
2245.50
30.05
160.00
13.00
41.52
74.26
0.26
0.01
435.00
68.67
21.75
264.99
0.11
77.00
31.01
82.00
31.00
38.33
24.50
18.97
51.10
9.89
12.99
1.00
26.00
29.99
127.74
180.00
0.94
189.99
332.00
56.00
20.75
14.95
99.00
3.75
16.08
100.00
2.25
72.01
19.50
4.00
2.25
21.00
31.00
20.50
18.99
790.52
30.00
60.99
12.00
27.99
399.00
449.00
9.00
5.50
5.99
20.50
450.00
22.00
17.17
3105.00
1.29
6.00
0.82
295.00
80.00
3.99
9.99
1.25
62.00
8.50
351.00
9.99
0.01
4.80
4.45
3.65
4.25
10.50
3.23
4.80
3.74
79.00
13.00
510.00
65.00
8.99
40.00
4.25
0.69
44.50
0.01
9.99
9.52
39.93
120.00
118.99
18.50
225.00
7.98
10.99
15.50
14.51
94.95
2.75
1.75
199.99
9.99
42.00
2.75
100.00
39.95
3.25
115.87
89.95
22.53
23.50
5.99
13.00
165.00
85.00
4.60
175.00
4.75
498.90
30.99
46.80
12.75
13.00
33.00
2379.00
107.50
23.55
319.99
28.00
9.99
25.00
123.99
15.50
3.00
9.99
1295.00
18.99
150.00
21.00
63.00
45.00
19.51
29.99
152.50
9.99
31.92
2635.05
33.54
42.00
79.00
149.00
75.00
89.00
75.00
319.00
7.99
2.50
899.00
99.50
0.94
35.93
259.99
0.11
32.00
397.67
10.49
29.71
16.50
73.46
249.00
6.50
3.60
33.48
75.00
269.00
59.99
22.50
155.00
5.50
9.50
9.50
7.50
7.76
7.99
1925.00
10.05
19.99
7.49
2.99
50.00
375.00
10.99
0.97
2245.50
30.05
160.00
13.00
41.52
74.26
0.26
0.01
435.00
68.67
21.75
264.99
0.11
77.00
31.01
82.00
31.00
38.33
24.50
18.97
51.10
9.89
12.99
1.00
26.00
29.99
127.74
180.00
0.94
189.99
332.00
56.00
20.75
14.95
99.00
3.75
16.08
100.00
2.25
72.01
19.50
4.00
2.25
21.00
31.00
20.50
18.99
790.52
30.00
60.99
12.00
27.99
399.00
449.00
9.00
5.50
5.99
20.50
450.00
22.00
17.17
3105.00
1.29
6.00
0.82
295.00
80.00
3.99
9.99
1.25
62.00
8.50
351.00
9.99
0.01
4.80
4.45
3.65
4.25
10.50
3.23
4.80
3.74
79.00
13.00
510.00
65.00
8.99
40.00
4.25
0.69
44.50
0.01
9.99
9.52
39.93
120.00
118.99
18.50
225.00
7.98
10.99
15.50
14.51
94.95
2.75
1.75
199.99
9.99
42.00
2.75
100.00
39.95
3.25
115.87
89.95
22.53
23.50
5.99
13.00
165.00
85.00
4.60
175.00
4.75
498.90
30.99
46.80
12.75
13.00
33.00
2379.00
107.50
23.55
319.99
28.00
9.99
25.00
123.99
15.50
3.00
9.99
1295.00
18.99
150.00
21.00
63.00
45.00
19.51
29.99
152.50
9.99
31.92
2635.05
33.54
42.00
79.00
149.00
75.00
89.00
75.00
319.00
7.99
2.50
899.00
99.50
0.94
35.93
259.99
0.11
32.00
397.67
10.49
29.71
16.50
73.46
249.00
6.50
3.60
33.48
75.00
269.00
59.99
22.50
155.00
5.50
9.50
9.50
7.50
7.76
7.99
1925.00
10.05
19.99
7.49
2.99
50.00
375.00
10.99
0.97
2245.50
30.05
160.00
13.00
41.52
74.26
0.26
0.01
435.00
68.67
21.75
264.99
0.11
77.00
31.01
82.00
31.00
38.33
24.50
18.97
51.10
9.89
12.99
1.00
26.00
29.99
127.74
180.00
0.94
189.99
332.00
56.00
20.75
14.95
99.00
3.75
16.08
100.00
2.25
72.01
19.50
4.00
2.25
21.00
31.00
20.50
18.99
790.52
30.00
60.99
12.00
27.99
399.00
449.00
9.00
5.50
5.99
20.50
450.00
22.00
17.17
3105.00
1.29
6.00
0.82
295.00
80.00
3.99
9.99
1.25
62.00
8.50
351.00
9.99
0.01
4.80
4.45
3.65
4.25
10.50
3.23
4.80
3.74
79.00
13.00
510.00
65.00
8.99
40.00
4.25
0.69
44.50
0.01
9.99
9.52
39.93
120.00
118.99
18.50
225.00
7.98
10.99
15.50
14.51
94.95
2.75
1.75
199.99
9.99
42.00
2.75
100.00
39.95
3.25
115.87
89.95
22.53
23.50
5.99
13.00
165.00
85.00
4.60
175.00
4.75
498.90
30.99
46.80
12.75
13.00
33.00
2379.00
107.50
23.55
319.99
28.00
9.99
25.00
123.99
15.50
3.00
9.99
1295.00
18.99
150.00
21.00
63.00
45.00
19.51
29.99
152.50
9.99
31.92
2635.05
33.54
42.00
79.00
149.00
75.00
89.00
75.00
319.00
7.99
2.50
899.00
99.50
0.94
35.93
259.99
0.11
32.00
397.67
10.49
29.71
16.50
73.46
249.00
6.50
3.60
33.48
75.00
269.00
59.99
22.50
155.00
5.50
9.50
9.50
7.50
7.76
7.99
1925.00
10.05
19.99
7.49
2.99
50.00
375.00
10.99
0.97
2245.50
30.05
160.00
13.00
41.52
74.26
0.26
0.01
435.00
68.67
21.75
264.99
0.11
77.00
31.01
82.00
31.00
38.33
24.50
18.97
51.10
9.89
12.99
1.00
26.00
29.99
127.74
180.00
0.94
189.99
332.00
56.00
20.75
14.95
99.00
3.75
16.08
100.00
2.25
72.01
19.50
4.00
2.25
21.00
31.00
20.50
18.99
790.52
30.00
60.99
12.00
27.99
399.00
449.00
9.00
5.50
5.99
20.50
450.00
22.00
17.17
3105.00
1.29
6.00
0.82
295.00
80.00
3.99
9.99
1.25
62.00
8.50
351.00
9.99
0.01
4.80
4.45
3.65
4.25
10.50
3.23
4.80
3.74
79.00
13.00
510.00
65.00
8.99
40.00
4.25
0.69
44.50
0.01
9.99
9.52
39.93
120.00
118.99
18.50
225.00
7.98
10.99
15.50
14.51
94.95
2.75
1.75
199.99
9.99
42.00
2.75
100.00
39.95
3.25
115.87
89.95
22.53
23.50
5.99
13.00
165.00
85.00
4.60
175.00
4.75
498.90
30.99
46.80
12.75
13.00
33.00
2379.00
107.50
23.55
319.99
28.00
9.99
25.00
123.99
15.50
3.00
9.99
1295.00
18.99
150.00
21.00
63.00
45.00
19.51
29.99
152.50
9.99
31.92
2635.05
33.54
42.00
79.00
149.00
75.00
89.00
75.00
319.00
7.99
2.50
899.00
99.50
0.94
35.93
259.99
0.11
32.00
397.67
10.49
29.71
16.50
73.46
249.00
6.50
3.60
33.48
75.00
269.00
59.99
22.50
155.00
5.50
9.50
9.50
7.50
7.76
7.99
1925.00
10.05
19.99
7.49
2.99
50.00
375.00
10.99
0.97
2245.50
30.05
160.00
13.00
41.52
74.26
0.26
0.01
435.00
68.67
21.75
264.99
0.11
77.00
31.01
82.00
31.00
38.33
24.50
18.97
51.10
9.89
12.99
1.00
26.00
29.99
127.74
180.00
0.94
189.99
332.00
56.00
20.75
14.95
99.00
3.75
16.08
100.00
2.25
72.01
19.50
4.00
2.25
21.00
31.00
20.50
18.99
790.52
30.00
60.99
12.00
27.99
399.00
449.00
9.00
5.50
5.99
20.50
450.00
22.00
17.17
3105.00
1.29
6.00
0.82
295.00
80.00
3.99
9.99
1.25
62.00
8.50
351.00
9.99
0.01
4.80
4.45
3.65
4.25
10.50
3.23
4.80
3.74
79.00
13.00
510.00
65.00
8.99
40.00
4.25
0.69
44.50
0.01
9.99
9.52
39.93
120.00
118.99
18.50
225.00
7.98
10.99
15.50
14.51
94.95
2.75
1.75
199.99
9.99
42.00
2.75
100.00
39.95
3.25
115.87
89.95
22.53
23.50
5.99
13.00
165.00
85.00
4.60
175.00
4.75
498.90
30.99
46.80
12.75
13.00
33.00
2379.00
107.50
23.55
319.99
28.00
9.99
25.00
123.99
15.50
3.00
9.99
1295.00
18.99
150.00
21.00
63.00
45.00
19.51
29.99
152.50
9.99
31.92
2635.05
33.54
42.00
79.00
149.00
75.00
89.00
75.00
319.00
7.99
2.50
899.00
99.50
0.94
35.93
259.99
0.11
32.00
397.67
10.49
29.71
16.50
73.46
249.00
6.50
3.60
33.48
75.00
269.00
59.99
22.50
155.00
5.50
9.50
9.50
7.50
7.76
7.99
1925.00
10.05
19.99
7.49
2.99
50.00
375.00
10.99
0.97
2245.50
30.05
160.00
13.00
41.52
74.26
0.26
0.01
435.00
68.67
21.75
264.99
0.11
77.00
31.01
82.00
31.00
38.33
24.50
18.97
51.10
9.89
12.99
1.00
26.00
29.99
127.74
180.00
0.94
189.99
332.00
56.00
20.75
14.95
99.00
3.75
16.08
100.00
2.25
72.01
19.50
4.00
2.25
21.00
31.00
20.50
18.99
790.52
30.00
60.99
12.00
27.99
399.00
449.00
9.00
5.50
5.99
20.50
450.00
22.00
17.17
3105.00
1.29
6.00
0.82
295.00
80.00
3.99
9.99
1.25
62.00
8.50
351.00
9.99
0.01
4.80
4.45
3.65
4.25
10.50
3.23
4.80
3.74
79.00
13.00
510.00
65.00
8.99
40.00
4.25
0.69
44.50
0.01
9.99
9.52
39.93
120.00
118.99
18.50
225.00
7.98
10.99
15.50
14.51
94.95
2.75
1.75
199.99
9.99
42.00
2.75
100.00
39.95
3.25
115.87
89.95
22.53
23.50
5.99
13.00
165.00
85.00
4.60
175.00
4.75
498.90
30.99
46.80
12.75
13.00
33.00
2379.00
107.50
23.55
319.99
28.00
9.99
25.00
123.99
15.50
3.00
9.99
1295.00
18.99
150.00
21.00
63.00
45.00
19.51
29.99
152.50
9.99
31.92
2635.05
33.54
42.00
79.00
149.00
75.00
89.00
75.00
319.00
7.99
2.50
899.00
99.50
0.94
35.93
259.99
0.11
32.00
397.67
10.49
29.71
16.50
73.46
249.00
6.50
3.60
33.48
75.00
269.00
59.99
22.50
155.00
5.50
9.50
9.50
7.50
7.76
7.99
1925.00
10.05
19.99
7.49
2.99
50.00
375.00
10.99
0.97
2245.50
30.05
160.00
13.00
41.52
74.26
0.26
0.01
435.00
68.67
21.75
264.99
0.11
77.00
31.01
82.00
31.00
38.33
24.50
18.97
51.10
9.89
12.99
1.00
26.00
29.99
127.74
180.00
0.94
189.99
332.00
56.00
20.75
14.95
99.00
3.75
16.08
100.00
2.25
72.01
19.50
4.00
2.25
21.00
31.00
20.50
18.99
790.52
30.00
60.99
12.00
27.99
399.00
449.00
9.00
5.50
5.99
20.50
450.00
22.00
17.17
3105.00
1.29
6.00
0.82
295.00
80.00
3.99
9.99
1.25
62.00
8.50
351.00
9.99
0.01
4.80
4.45
3.65
4.25
10.50
3.23
4.80
3.74
79.00
13.00
510.00
65.00
8.99
40.00
4.25
0.69
44.50
0.01
9.99
9.52
39.93
120.00
118.99
18.50
225.00
7.98
10.99
15.50
14.51
94.95
2.75
1.75
199.99
9.99
42.00
2.75
100.00
39.95
3.25
115.87
89.95
22.53
23.50
5.99
13.00
165.00
85.00
4.60
175.00
4.75
498.90
30.99
46.80
12.75
13.00
33.00
2379.00
107.50
23.55
319.99
28.00
9.99
25.00
123.99
15.50
3.00
9.99
1295.00
18.99
150.00
21.00
63.00
45.00
19.51
29.99
152.50
9.99
31.92
2635.05
33.54
42.00
79.00
149.00
75.00
89.00
75.00
319.00
7.99
2.50
899.00
99.50
0.94
35.93
259.99
0.11
32.00
397.67
10.49
29.71
16.50
73.46
249.00
6.50
3.60
33.48
75.00
269.00
59.99
22.50
155.00
5.50
9.50
9.50
7.50
7.76
7.99
1925.00
10.05
19.99
7.49
2.99
50.00
375.00
10.99
0.97
2245.50
30.05
160.00
13.00
41.52
74.26
0.26
0.01
435.00
68.67
21.75
264.99
0.11
77.00
31.01
82.00
31.00
38.33
24.50
18.97
51.10
9.89
12.99
1.00
26.00
29.99
127.74
180.00
0.94
189.99
332.00
56.00
20.75
14.95
99.00
3.75
16.08
100.00
2.25
72.01
19.50
4.00
2.25
21.00
31.00
20.50
18.99
790.52
30.00
60.99
12.00
27.99
399.00
449.00
9.00
5.50
5.99
20.50
450.00
22.00
17.17
3105.00
1.29
6.00
0.82
295.00
80.00
3.99
9.99
1.25
62.00
8.50
351.00
9.99
0.01
4.80
4.45
3.65
4.25
10.50
3.23
4.80
3.74
79.00
13.00
510.00
65.00
8.99
40.00
4.25
0.69
44.50
0.01
9.99
9.52
39.93
120.00
118.99
18.50
225.00
7.98
10.99
15.50
14.51
94.95
2.75
1.75
199.99
9.99
42.00
2.75
100.00
39.95
3.25
115.87
89.95
22.53
23.50
5.99
13.00
165.00
85.00
4.60
175.00
4.75
498.90
30.99
46.80
12.75
13.00
33.00
2379.00
107.50
23.55
319.99
28.00
9.99
25.00
123.99
15.50
3.00
9.99
1295.00
18.99
150.00
21.00
63.00
45.00
19.51
29.99
152.50
9.99
31.92
2635.05
33.54
42.00
79.00
149.00
75.00
89.00
75.00
319.00
7.99
2.50
899.00
99.50
0.94
35.93
259.99
0.11
32.00
397.67
10.49
29.71
16.50
73.46
249.00
6.50
3.60
33.48
75.00
269.00
59.99
22.50
155.00
5.50
9.50
9.50
7.50
7.76
7.99
1925.00
10.05
19.99
7.49
2.99
50.00
375.00
10.99
0.97
2245.50
30.05
160.00
13.00
41.52
74.26
0.26
0.01
435.00
68.67
21.75
264.99
0.11
77.00
31.01
82.00
31.00
38.33
24.50
18.97
51.10
9.89
12.99
1.00
26.00
29.99
127.74
180.00
0.94
189.99
332.00
56.00
20.75
14.95
99.00
3.75
16.08
100.00
2.25
72.01
19.50
4.00
2.25
21.00
31.00
20.50
18.99
790.52
30.00
60.99
12.00
27.99
399.00
449.00
9.00
5.50
5.99
20.50
450.00
22.00
17.17
3105.00
1.29
6.00
0.82
295.00
80.00
3.99
9.99
1.25
62.00
8.50
351.00
9.99
0.01
4.80
4.45
3.65
4.25
10.50
3.23
4.80
3.74
79.00
13.00
510.00
65.00
8.99
40.00
4.25
0.69
44.50
0.01
9.99
9.52
39.93
120.00
118.99
18.50
225.00
7.98
10.99
15.50
14.51
94.95
2.75
1.75
199.99
9.99
42.00
2.75
100.00
39.95
3.25
115.87
89.95
22.53
23.50
5.99
13.00
165.00
85.00
4.60
175.00
4.75
498.90
30.99
46.80
12.75
13.00
33.00
2379.00
107.50
23.55
319.99
28.00
9.99
25.00
123.99
15.50
3.00
9.99
1295.00
18.99
150.00
21.00
63.00
45.00
19.51
29.99
152.50
9.99
31.92
2635.05
33.54
42.00
79.00
149.00
75.00
89.00
75.00
319.00
7.99
2.50
899.00
99.50
0.94
35.93
259.99
0.11
32.00
397.67
10.49
29.71
16.50
73.46
249.00
6.50
3.60
33.48
75.00
269.00
59.99
22.50
155.00
5.50
9.50
9.50
7.50
7.76
7.99
1925.00
10.05
19.99
7.49
2.99
50.00
375.00
10.99
0.97
2245.50
30.05
160.00
13.00
41.52
74.26
0.26
0.01
435.00
68.67
21.75
264.99
0.11
77.00
31.01
82.00
31.00
38.33
24.50
18.97
51.10
9.89
12.99
1.00
26.00
29.99
127.74
180.00
0.94
189.99
332.00
56.00
20.75
14.95
99.00
3.75
16.08
100.00
2.25
72.01
19.50
4.00
2.25
21.00
31.00
20.50
18.99
790.52
30.00
60.99
12.00
27.99
399.00
449.00
9.00
5.50
5.99
20.50
450.00
22.00
17.17
3105.00
1.29
6.00
0.82
295.00
80.00
3.99
9.99
1.25
62.00
8.50
351.00
9.99
0.01
4.80
4.45
3.65
4.25
10.50
3.23
4.80
3.74
79.00
13.00
510.00
65.00
8.99
40.00
4.25
0.69
44.50
0.01
9.99
9.52
39.93
120.00
118.99
18.50
225.00
7.98
10.99
15.50
14.51
94.95
2.75
1.75
199.99
9.99
42.00
2.75
100.00
39.95
3.25
115.87
89.95
22.53
23.50
5.99
13.00
165.00
85.00
4.60
175.00
4.75
498.90
30.99
46.80
12.75
13.00
33.00
2379.00
107.50
23.55
319.99
28.00
9.99
25.00
123.99
15.50
3.00
9.99
1295.00
18.99
150.00
21.00
63.00
45.00
19.51
29.99
152.50
9.99
31.92
2635.05
33.54
42.00
79.00
149.00
75.00
89.00
75.00
319.00
7.99
2.50
899.00
99.50
0.94
35.93
259.99
0.11
32.00
397.67
10.49
29.71
16.50
73.46
249.00
6.50
3.60
33.48
75.00
269.00
59.99
22.50
155.00
5.50
9.50
9.50
7.50
7.76
7.99
1925.00
10.05
19.99
7.49
2.99
50.00
375.00
10.99
0.97
2245.50
30.05
160.00
13.00
41.52
74.26
0.26
0.01
435.00
68.67
21.75
264.99
0.11
77.00
31.01
82.00
31.00
38.33
24.50
18.97
51.10
9.89
12.99
1.00
26.00
29.99
127.74
180.00
0.94
189.99
332.00
56.00
20.75
14.95
99.00
3.75
16.08
100.00
2.25
72.01
19.50
4.00
2.25
21.00
31.00
20.50
18.99
790.52
30.00
60.99
12.00
27.99
399.00
449.00
9.00
5.50
5.99
20.50
450.00
22.00
17.17
3105.00
1.29
6.00
0.82
295.00
80.00
3.99
9.99
1.25
62.00
8.50
351.00
9.99
0.01
4.80
4.45
3.65
4.25
10.50
3.23
4.80
3.74
79.00
13.00
510.00
65.00
8.99
40.00
4.25
0.69
44.50
0.01
9.99
9.52
39.93
120.00
118.99
18.50
225.00
7.98
10.99
15.50
14.51
94.95
2.75
1.75
199.99
9.99
42.00
2.75
100.00
39.95
3.25
115.87
89.95
22.53
23.50
5.99
13.00
165.00
85.00
4.60
175.00
4.75
498.90
30.99
46.80
12.75
13.00
33.00
2379.00
107.50
23.55
319.99
28.00
9.99
25.00
123.99
15.50
3.00
9.99
1295.00
18.99
150.00
21.00
63.00
45.00
19.51
29.99
152.50
9.99
31.92
2635.05
33.54
42.00
79.00
149.00
75.00
89.00
75.00
319.00
7.99
2.50
899.00
99.50
0.94
35.93
259.99
0.11
32.00
397.67
10.49
29.71
16.50
73.46
249.00
6.50
3.60
33.48
75.00
269.00
59.99
22.50
155.00
5.50
9.50
9.50
7.50
7.76
7.99
1925.00
10.05
19.99
7.49
2.99
50.00
375.00
10.99
0.97
2245.50
30.05
160.00
13.00
41.52
74.26
0.26
0.01
435.00
68.67
21.75
264.99
0.11
77.00
31.01
82.00
31.00
38.33
24.50
18.97
51.10
9.89
12.99
1.00
26.00
29.99
127.74
180.00
0.94
189.99
332.00
56.00
20.75
14.95
99.00
3.75
16.08
100.00
2.25
72.01
19.50
4.00
2.25
21.00
31.00
20.50
18.99
790.52
30.00
60.99
12.00
27.99
399.00
449.00
9.00
5.50
5.99
20.50
450.00
22.00
17.17
3105.00
1.29
6.00
0.82
295.00
80.00
3.99
9.99
1.25
62.00
8.50
351.00
9.99
0.01
4.80
4.45
3.65
4.25
10.50
3.23
4.80
3.74
79.00
13.00
510.00
65.00
8.99
40.00
4.25
0.69
44.50
0.01
9.99
9.52
39.93
120.00
118.99
18.50
225.00
7.98
10.99
15.50
14.51
94.95
2.75
1.75
199.99
9.99
42.00
2.75
100.00
39.95
3.25
115.87
89.95
22.53
23.50
5.99
13.00
165.00
85.00
4.60
175.00
4.75
498.90
30.99
46.80
12.75
13.00
33.00
2379.00
107.50
23.55
319.99
28.00
9.99
25.00
123.99
15.50
3.00
9.99
1295.00
18.99
150.00
21.00
63.00
45.00
19.51
29.99
152.50
9.99
31.92
2635.05
33.54
42.00
79.00
149.00
75.00
89.00
75.00
319.00
7.99
2.50
899.00
99.50
0.94
35.93
259.99
0.11
32.00
397.67
10.49
29.71
16.50
73.46
249.00
6.50
3.60
33.48
75.00
269.00
59.99
22.50
155.00
5.50
9.50
9.50
7.50
7.76
7.99
1925.00
10.05
19.99
7.49
2.99
50.00
375.00
10.99
0.97
2245.50
30.05
160.00
13.00
41.52
74.26
0.26
0.01
435.00
68.67
21.75
264.99
0.11
77.00
31.01
82.00
31.00
38.33
24.50
18.97
51.10
9.89
12.99
1.00
26.00
29.99
127.74
180.00
0.94
189.99
332.00
56.00
20.75
14.95
99.00
3.75
16.08
100.00
2.25
72.01
19.50
4.00
2.25
21.00
31.00
20.50
18.99
790.52
30.00
60.99
12.00
27.99
399.00
449.00
9.00
5.50
5.99
20.50
450.00
22.00
17.17
3105.00
1.29
6.00
0.82
295.00
80.00
3.99
9.99
1.25
62.00
8.50
351.00
9.99
0.01
4.80
4.45
3.65
4.25
10.50
3.23
4.80
3.74
79.00
13.00
510.00
65.00
8.99
40.00
4.25
0.69
44.50
0.01
9.99
9.52
39.93
120.00
118.99
18.50
225.00
7.98
10.99
15.50
14.51
94.95
2.75
1.75
199.99
9.99
42.00
2.75
100.00
39.95
3.25
115.87
89.95
22.53
23.50
5.99
13.00
165.00
85.00
4.60
175.00
4.75
498.90
30.99
46.80
12.75
13.00
33.00
2379.00
107.50
23.55
319.99
28.00
9.99
25.00
123.99
15.50
3.00
9.99
1295.00
18.99
150.00
21.00
63.00
45.00
19.51
29.99
152.50
9.99
31.92
2635.05
33.54
42.00
79.00
149.00
75.00
89.00
75.00
319.00
7.99
2.50
899.00
99.50
0.94
35.93
259.99
0.11
32.00
397.67
10.49
29.71
16.50
73.46
249.00
6.50
3.60
33.48
75.00
269.00
59.99
22.50
155.00
5.50
9.50
9.50
7.50
7.76
7.99
1925.00
10.05
19.99
7.49
2.99
50.00
375.00
10.99
0.97
2245.50
30.05
160.00
13.00
41.52
74.26
0.26
0.01
435.00
68.67
21.75
264.99
0.11
77.00
31.01
82.00
31.00
38.33
24.50
18.97
51.10
9.89
12.99
1.00
26.00
29.99
127.74
180.00
0.94
189.99
332.00
56.00
20.75
14.95
99.00
3.75
16.08
100.00
2.25
72.01
19.50
4.00
2.25
21.00
31.00
20.50
18.99
790.52
30.00
60.99
12.00
27.99
399.00
449.00
9.00
5.50
5.99
20.50
450.00
22.00
17.17
3105.00
1.29
6.00
0.82
295.00
80.00
3.99
9.99
1.25
62.00
8.50
351.00
9.99
0.01
4.80
4.45
3.65
4.25
10.50
3.23
4.80
3.74
79.00
13.00
510.00
65.00
8.99
40.00
4.25
0.69
44.50
0.01
9.99
9.52
39.93
120.00
118.99
18.50
225.00
7.98
10.99
15.50
14.51
94.95
2.75
1.75
199.99
9.99
42.00
2.75
100.00
39.95
3.25
115.87
89.95
22.53
23.50
5.99
13.00
165.00
85.00
4.60
175.00
4.75
498.90
30.99
46.80
12.75
13.00
33.00
2379.00
107.50
23.55
319.99
28.00
9.99
25.00
123.99
15.50
3.00
9.99
1295.00
18.99
150.00
21.00
63.00
45.00
19.51
29.99
152.50
9.99
31.92
2635.05
33.54
42.00
79.00
149.00
75.00
89.00
75.00
319.00
7.99
2.50
899.00
99.50
0.94
35.93
259.99
0.11
32.00
397.67
10.49
29.71
16.50
73.46
249.00
6.50
3.60
33.48
75.00
269.00
59.99
22.50
155.00
5.50
9.50
9.50
7.50
7.76
7.99
1925.00
10.05
19.99
7.49
2.99
50.00
375.00
10.99
0.97
2245.50
30.05
160.00
13.00
41.52
74.26
0.26
0.01
435.00
68.67
21.75
264.99
0.11
77.00
31.01
82.00
31.00
38.33
24.50
18.97
51.10
9.89
12.99
1.00
26.00
29.99
127.74
180.00
0.94
189.99
332.00
56.00
20.75
14.95
99.00
3.75
16.08
100.00
2.25
72.01
19.50
4.00
2.25
21.00
31.00
20.50
18.99
790.52
30.00
60.99
12.00
27.99
399.00
449.00
9.00
5.50
5.99
20.50
450.00
22.00
17.17
3105.00
1.29
6.00
0.82
295.00
80.00
3.99
9.99
1.25
62.00
8.50
351.00
9.99
0.01
4.80
4.45
3.65
4.25
10.50
3.23
4.80
3.74
79.00
13.00
510.00
65.00
8.99
40.00
4.25
0.69
44.50
0.01
9.99
9.52
39.93
120.00
118.99
18.50
225.00
7.98
10.99
15.50
14.51
94.95
2.75
1.75
199.99
9.99
42.00
2.75
100.00
39.95
3.25
115.87
89.95
22.53
23.50
5.99
13.00
165.00
85.00
4.60
175.00
4.75
498.90
30.99
46.80
12.75
13.00
33.00
2379.00
107.50
23.55
319.99
28.00
9.99
25.00
123.99
15.50
3.00
9.99
1295.00
18.99
150.00
21.00
63.00
45.00
19.51
29.99
152.50
9.99
31.92
2635.05
33.54
42.00
79.00
149.00
75.00
89.00
75.00
319.00
7.99
2.50
899.00
99.50
0.94
35.93
259.99
0.11
32.00
397.67
10.49
29.71
16.50
73.46
249.00
6.50
3.60
33.48
75.00
269.00
59.99
22.50
155.00
5.50
9.50
9.50
7.50
7.76
7.99
1925.00
10.05
19.99
7.49
2.99
50.00
375.00
10.99
0.97
2245.50
30.05
160.00
13.00
41.52
74.26
0.26
0.01
435.00
68.67
21.75
264.99
0.11
77.00
31.01
82.00
31.00
38.33
24.50
18.97
51.10
9.89
12.99
1.00
26.00
29.99
127.74
180.00
0.94
189.99
332.00
56.00
20.75
14.95
99.00
3.75
16.08
100.00
2.25
72.01
19.50
4.00
2.25
21.00
31.00
20.50
18.99
790.52
30.00
60.99
12.00
27.99
399.00
449.00
9.00
5.50
5.99
20.50
450.00
22.00
17.17
3105.00
1.29
6.00
0.82
295.00
80.00
3.99
9.99
1.25
62.00
8.50
351.00
9.99
0.01
4.80
4.45
3.65
4.25
10.50
3.23
4.80
3.74
79.00
13.00
510.00
65.00
8.99
40.00
4.25
0.69
44.50
0.01
9.99
9.52
39.93
120.00
118.99
18.50
225.00
7.98
10.99
15.50
14.51
94.95
2.75
1.75
199.99
9.99
42.00
2.75
100.00
39.95
3.25
115.87
89.95
22.53
23.50
5.99
13.00
165.00
85.00
4.60
175.00
4.75
498.90
30.99
46.80
12.75
13.00
33.00
2379.00
107.50
23.55
319.99
28.00
9.99
25.00
123.99
15.50
3.00
9.99
1295.00
18.99
150.00
21.00
63.00
45.00
19.51
29.99
152.50
9.99
31.92
2635.05
33.54
42.00
79.00
149.00
75.00
89.00
75.00
319.00
7.99
2.50
899.00
99.50
0.94
35.93
259.99
0.11
32.00
397.67
10.49
29.71
16.50
73.46
249.00
6.50
3.60
33.48
75.00
269.00
59.99
22.50
155.00
5.50
9.50
9.50
7.50
7.76
7.99
1925.00
10.05
19.99
7.49
2.99
50.00
375.00
10.99
0.97
2245.50
30.05
160.00
13.00
41.52
74.26
0.26
0.01
435.00
68.67
21.75
264.99
0.11
77.00
31.01
82.00
31.00
38.33
24.50
18.97
51.10
9.89
12.99
1.00
26.00
29.99
127.74
180.00
0.94
189.99
332.00
56.00
20.75
14.95
99.00
3.75
16.08
100.00
2.25
72.01
19.50
4.00
2.25
21.00
31.00
20.50
18.99
790.52
30.00
60.99
12.00
27.99
399.00
449.00
9.00
5.50
5.99
20.50
450.00
22.00
17.17
3105.00
1.29
6.00
0.82
295.00
80.00
3.99
9.99
1.25
62.00
8.50
351.00
9.99
0.01
4.80
4.45
3.65
4.25
10.50
3.23
4.80
3.74
79.00
13.00
510.00
65.00
8.99
40.00
4.25
0.69
44.50
0.01
9.99
9.52
39.93
120.00
118.99
18.50
225.00
7.98
10.99
15.50
14.51
94.95
2.75
1.75
199.99
9.99
42.00
2.75
100.00
39.95
3.25
115.87
89.95
22.53
23.50
5.99
13.00
165.00
85.00
4.60
175.00
4.75
498.90
30.99
46.80
12.75
13.00
33.00
2379.00
107.50
23.55
319.99
28.00
9.99
25.00
123.99
15.50
3.00
9.99
1295.00
18.99
150.00
21.00
63.00
45.00
19.51
29.99
152.50
9.99
31.92
2635.05
33.54
42.00
79.00
149.00
75.00
89.00
75.00
319.00
7.99
2.50
899.00
99.50
0.94
35.93
259.99
0.11
32.00
397.67
10.49
29.71
16.50
73.46
249.00
6.50
3.60
33.48
75.00
269.00
59.99
22.50
155.00
5.50
9.50
9.50
7.50
7.76
7.99
1925.00
10.05
19.99
7.49
2.99
50.00
375.00
10.99
0.97
2245.50
30.05
160.00
13.00
41.52
74.26
0.26
0.01
435.00
68.67
21.75
264.99
0.11
77.00
31.01
82.00
31.00
38.33
24.50
18.97
51.10
9.89
12.99
1.00
26.00
29.99
127.74
180.00
0.94
189.99
332.00
56.00
20.75
14.95
99.00
3.75
16.08
100.00
2.25
72.01
19.50
4.00
2.25
21.00
31.00
20.50
18.99
790.52
30.00
60.99
12.00
27.99
399.00
449.00
9.00
5.50
5.99
20.50
450.00
22.00
17.17
3105.00
1.29
6.00
0.82
295.00
80.00
3.99
9.99
1.25
62.00
8.50
351.00
9.99
0.01
4.80
4.45
3.65
4.25
10.50
3.23
4.80
3.74
79.00
13.00
510.00
65.00
8.99
40.00
4.25
0.69
44.50
0.01
9.99
9.52
39.93
120.00
118.99
18.50
225.00
7.98
10.99
15.50
14.51
94.95
2.75
1.75
199.99
9.99
42.00
2.75
100.00
39.95
3.25
115.87
89.95
22.53
23.50
5.99
13.00
165.00
85.00
4.60
175.00
4.75
498.90
30.99
46.80
12.75
13.00
33.00
2379.00
107.50
23.55
319.99
28.00
9.99
25.00
123.99
15.50
3.00
9.99
1295.00
18.99
150.00
21.00
63.00
45.00
19.51
29.99
152.50
9.99
31.92
2635.05
33.54
42.00
79.00
149.00
75.00
89.00
75.00
319.00
7.99
2.50
899.00
99.50
0.94
35.93
259.99
0.11
32.00
397.67
10.49
29.71
16.50
73.46
249.00
6.50
3.60
33.48
75.00
269.00
59.99
22.50
155.00
5.50
9.50
9.50
7.50
7.76
7.99
1925.00
10.05
19.99
7.49
2.99
50.00
375.00
10.99
0.97
2245.50
30.05
160.00
13.00
41.52
74.26
0.26
0.01
435.00
68.67
21.75
264.99
0.11
77.00
31.01
82.00
31.00
38.33
24.50
18.97
51.10
9.89
12.99
1.00
26.00
29.99
127.74
180.00
0.94
189.99
332.00
56.00
20.75
14.95
99.00
3.75
16.08
100.00
2.25
72.01
19.50
4.00
2.25
21.00
31.00
20.50
18.99
790.52
30.00
60.99
12.00
27.99
399.00
449.00
9.00
5.50
5.99
20.50
450.00
22.00
17.17
3105.00
1.29
6.00
0.82
295.00
80.00
3.99
9.99
1.25
62.00
8.50
351.00
9.99
0.01
4.80
4.45
3.65
4.25
10.50
3.23
4.80
3.74
79.00
13.00
510.00
65.00
8.99
40.00
4.25
0.69
44.50
0.01
9.99
9.52
39.93
120.00
118.99
18.50
225.00
7.98
10.99
15.50
14.51
94.95
2.75
1.75
199.99
9.99
42.00
2.75
100.00
39.95
3.25
115.87
89.95
22.53
23.50
5.99
13.00
165.00
85.00
4.60
175.00
4.75
498.90
30.99
46.80
12.75
13.00
33.00
2379.00
107.50
23.55
319.99
28.00
9.99
25.00
123.99
15.50
3.00
9.99
1295.00
18.99
150.00
21.00
63.00
45.00
19.51
29.99
152.50
9.99
31.92
2635.05
33.54
42.00
79.00
149.00
75.00
89.00
75.00
319.00
7.99
2.50
899.00
99.50
0.94
35.93
259.99
0.11
32.00
397.67
10.49
29.71
16.50
73.46
249.00
6.50
3.60
33.48
75.00
269.00
59.99
22.50
155.00
5.50
9.50
9.50
7.50
7.76
7.99
1925.00
10.05
19.99
7.49
2.99
50.00
375.00
10.99
0.97
2245.50
30.05
160.00
13.00
41.52
74.26
0.26
0.01
435.00
68.67
21.75
264.99
0.11
77.00
31.01
82.00
31.00
38.33
24.50
18.97
51.10
9.89
12.99
1.00
26.00
29.99
127.74
180.00
0.94
189.99
332.00
56.00
20.75
14.95
99.00
3.75
16.08
100.00
2.25
72.01
19.50
4.00
2.25
21.00
31.00
20.50
18.99
790.52
30.00
60.99
12.00
27.99
399.00
449.00
9.00
5.50
5.99
20.50
450.00
22.00
17.17
3105.00
1.29
6.00
0.82
295.00
80.00
3.99
9.99
1.25
62.00
8.50
351.00
9.99
0.01
4.80
4.45
3.65
4.25
10.50
3.23
4.80
3.74
79.00
13.00
510.00
65.00
8.99
40.00
4.25
0.69
44.50
0.01
9.99
9.52
39.93
120.00
118.99
18.50
225.00
7.98
10.99
15.50
14.51
94.95
2.75
1.75
199.99
9.99
42.00
2.75
100.00
39.95
3.25
115.87
89.95
22.53
23.50
5.99
13.00
165.00
85.00
4.60
175.00
4.75
498.90
30.99
46.80
12.75
13.00
33.00
2379.00
107.50
23.55
319.99
28.00
9.99
25.00
123.99
15.50
3.00
9.99
1295.00
18.99
150.00
21.00
63.00
45.00
19.51
29.99
152.50
9.99
31.92
2635.05
33.54
42.00
79.00
149.00
75.00
89.00
75.00
319.00
7.99
2.50
899.00
99.50
0.94
35.93
259.99
0.11
32.00
397.67
10.49
29.71
16.50
73.46
249.00
6.50
3.60
33.48
75.00
269.00
59.99
22.50
155.00
5.50
9.50
9.50
7.50
7.76
7.99
1925.00
10.05
19.99
7.49
2.99
50.00
375.00
10.99
0.97
2245.50
30.05
160.00
13.00
41.52
74.26
0.26
0.01
435.00
68.67
21.75
264.99
0.11
77.00
31.01
82.00
31.00
38.33
24.50
18.97
51.10
9.89
12.99
1.00
26.00
29.99
127.74
180.00
0.94
189.99
332.00
56.00
20.75
14.95
99.00
3.75
16.08
100.00
2.25
72.01
19.50
4.00
2.25
21.00
31.00
20.50
18.99
790.52
30.00
60.99
12.00
27.99
399.00
449.00
9.00
5.50
5.99
20.50
450.00
22.00
17.17
3105.00
1.29
6.00
0.82
295.00
80.00
3.99
9.99
1.25
62.00
8.50
351.00
9.99
0.01
4.80
4.45
3.65
4.25
10.50
3.23
4.80
3.74
79.00
13.00
510.00
65.00
8.99
40.00
4.25
0.69
44.50
0.01
9.99
9.52
39.93
120.00
118.99
18.50
225.00
7.98
10.99
15.50
14.51
94.95
2.75
1.75
199.99
9.99
42.00
2.75
100.00
39.95
3.25
115.87
89.95
22.53
23.50
5.99
13.00
165.00
85.00
4.60
175.00
4.75
498.90
30.99
46.80
12.75
13.00
33.00
2379.00
107.50
23.55
319.99
28.00
9.99
25.00
123.99
15.50
3.00
9.99
1295.00
18.99
150.00
21.00
63.00
45.00
19.51
29.99
152.50
9.99
31.92
2635.05
33.54
42.00
79.00
149.00
75.00
89.00
75.00
319.00
7.99
2.50
899.00
99.50
0.94
35.93
259.99
0.11
32.00
397.67
10.49
29.71
16.50
73.46
249.00
6.50
3.60
33.48
75.00
269.00
59.99
22.50
155.00
5.50
9.50
9.50
7.50
7.76
7.99
1925.00
10.05
19.99
7.49
2.99
50.00
375.00
10.99
0.97
2245.50
30.05
160.00
13.00
41.52
74.26
0.26
0.01
435.00
68.67
21.75
264.99
0.11
77.00
31.01
82.00
31.00
38.33
24.50
18.97
51.10
9.89
12.99
1.00
26.00
29.99
127.74
180.00
0.94
189.99
332.00
56.00
20.75
14.95
99.00
3.75
16.08
100.00
2.25
72.01
19.50
4.00
2.25
21.00
31.00
20.50
18.99
790.52
30.00
60.99
12.00
27.99
399.00
449.00
9.00
5.50
5.99
20.50
450.00
22.00
17.17
3105.00
1.29
6.00
0.82
295.00
80.00
3.99
9.99
1.25
62.00
8.50
351.00
9.99
0.01
4.80
4.45
3.65
4.25
10.50
3.23
4.80
3.74
79.00
13.00
510.00
65.00
8.99
40.00
4.25
0.69
44.50
0.01
9.99
9.52
39.93
120.00
118.99
18.50
225.00
7.98
10.99
15.50
14.51
94.95
2.75
1.75
199.99
9.99
42.00
2.75
100.00
39.95
3.25
115.87
89.95
22.53
23.50
5.99
13.00
165.00
85.00
4.60
175.00
4.75
498.90
30.99
46.80
12.75
13.00
33.00
2379.00
107.50
23.55
319.99
28.00
9.99
25.00
123.99
15.50
3.00
9.99
1295.00
18.99
150.00
21.00
63.00
45.00
19.51
29.99
152.50
9.99
31.92
2635.05
33.54
42.00
79.00
149.00
75.00
89.00
75.00
319.00
7.99
2.50
899.00
99.50
0.94
35.93
259.99
0.11
32.00
397.67
10.49
29.71
16.50
73.46
249.00
6.50
3.60
33.48
75.00
269.00
59.99
22.50
155.00
5.50
9.50
9.50
7.50
7.76
7.99
1925.00
10.05
19.99
7.49
2.99
50.00
375.00
10.99
0.97
2245.50
30.05
160.00
13.00
41.52
74.26
0.26
0.01
435.00
68.67
21.75
264.99
0.11
77.00
31.01
82.00
31.00
38.33
24.50
18.97
51.10
9.89
12.99
1.00
26.00
29.99
127.74
180.00
0.94
189.99
332.00
56.00
20.75
14.95
99.00
3.75
16.08
100.00
2.25
72.01
19.50
4.00
2.25
21.00
31.00
20.50
18.99
790.52
30.00
60.99
12.00
27.99
399.00
449.00
9.00
5.50
5.99
20.50
450.00
22.00
17.17
3105.00
1.29
6.00
0.82
295.00
80.00
3.99
9.99
1.25
62.00
8.50
351.00
9.99
0.01
4.80
4.45
3.65
4.25
10.50
3.23
4.80
3.74
79.00
13.00
510.00
65.00
8.99
40.00
4.25
0.69
44.50
0.01
9.99
9.52
39.93
120.00
118.99
18.50
225.00
7.98
10.99
15.50
14.51
94.95
2.75
1.75
199.99
9.99
42.00
2.75
100.00
39.95
3.25
115.87
89.95
22.53
23.50
5.99
13.00
165.00
85.00
4.60
175.00
4.75
498.90
30.99
46.80
12.75
13.00
33.00
2379.00
107.50
23.55
319.99
28.00
9.99
25.00
123.99
15.50
3.00
9.99
1295.00
18.99
150.00
21.00
63.00
45.00
19.51
29.99
152.50
9.99
31.92
2635.05
33.54
42.00
79.00
149.00
75.00
89.00
75.00
319.00
7.99
2.50
899.00
99.50
0.94
35.93
259.99
0.11
32.00
397.67
10.49
29.71
16.50
73.46
249.00
6.50
3.60
33.48
75.00
269.00
59.99
22.50
155.00
5.50
9.50
9.50
7.50
7.76
7.99
1925.00
10.05
19.99
7.49
2.99
50.00
375.00
10.99
0.97
2245.50
30.05
160.00
13.00
41.52
74.26
0.26
0.01
435.00
68.67
21.75
264.99
0.11
77.00
31.01
82.00
31.00
38.33
24.50
18.97
51.10
9.89
12.99
1.00
26.00
29.99
127.74
180.00
0.94
189.99
332.00
56.00
20.75
14.95
99.00
3.75
16.08
100.00
2.25
72.01
19.50
4.00
2.25
21.00
31.00
20.50
18.99
790.52
30.00
60.99
12.00
27.99
399.00
449.00
9.00
5.50
5.99
20.50
450.00
22.00
17.17
3105.00
1.29
6.00
0.82
295.00
80.00
3.99
9.99
1.25
62.00
8.50
351.00
9.99
0.01
4.80
4.45
3.65
4.25
10.50
3.23
4.80
3.74
79.00
13.00
510.00
65.00
8.99
40.00
4.25
0.69
44.50
0.01
9.99
9.52
39.93
120.00
118.99
18.50
225.00
7.98
10.99
15.50
14.51
94.95
2.75
1.75
199.99
9.99
42.00
2.75
100.00
39.95
3.25
115.87
89.95
22.53
23.50
5.99
13.00
165.00
85.00
4.60
175.00
4.75
498.90
30.99
46.80
12.75
13.00
33.00
2379.00
107.50
23.55
319.99
28.00
9.99
25.00
123.99
15.50
3.00
9.99
1295.00
18.99
150.00
21.00
63.00
45.00
19.51
29.99
152.50
9.99
31.92
2635.05
33.54
42.00
79.00
149.00
75.00
89.00
75.00
319.00
7.99
2.50
899.00
99.50
0.94
35.93
259.99
0.11
32.00
397.67
10.49
29.71
16.50
73.46
249.00
6.50
3.60
33.48
75.00
269.00
59.99
22.50
155.00
5.50
9.50
9.50
7.50
7.76
7.99
1925.00
10.05
19.99
7.49
2.99
50.00
375.00
10.99
0.97
2245.50
30.05
160.00
13.00
41.52
74.26
0.26
0.01
435.00
68.67
21.75
264.99
0.11
77.00
31.01
82.00
31.00
38.33
24.50
18.97
51.10
9.89
12.99
1.00
26.00
29.99
127.74
180.00
0.94
189.99
332.00
56.00
20.75
14.95
99.00
3.75
16.08
100.00
2.25
72.01
19.50
4.00
2.25
21.00
31.00
20.50
18.99
790.52
30.00
60.99
12.00
27.99
399.00
449.00
9.00
5.50
5.99
20.50
450.00
22.00
17.17
3105.00
1.29
6.00
0.82
295.00
80.00
3.99
9.99
1.25
62.00
8.50
351.00
9.99
0.01
4.80
4.45
3.65
4.25
10.50
3.23
4.80
3.74
79.00
13.00
510.00
65.00
8.99
40.00
4.25
0.69
44.50
0.01
9.99
9.52
39.93
120.00
118.99
18.50
225.00
7.98
10.99
15.50
14.51
94.95
2.75
1.75
199.99
9.99
42.00
2.75
100.00
39.95
3.25
115.87
89.95
22.53
23.50
5.99
13.00
165.00
85.00
4.60
175.00
4.75
498.90
30.99
46.80
12.75
13.00
33.00
2379.00
107.50
23.55
319.99
28.00
9.99
25.00
123.99
15.50
3.00
9.99
1295.00
18.99
150.00
21.00
63.00
45.00
19.51
29.99
152.50
9.99
31.92
2635.05
33.54
42.00
79.00
149.00
75.00
89.00
75.00
319.00
7.99
2.50
899.00
99.50
0.94
35.93
259.99
0.11
32.00
397.67
10.49
29.71
16.50
73.46
249.00
6.50
3.60
33.48
75.00
269.00
59.99
22.50
155.00
5.50
9.50
9.50
7.50
7.76
7.99
1925.00
10.05
19.99
7.49
2.99
50.00
375.00
10.99
0.97
2245.50
30.05
160.00
13.00
41.52
74.26
0.26
0.01
435.00
68.67
21.75
264.99
0.11
77.00
31.01
82.00
31.00
38.33
24.50
18.97
51.10
9.89
12.99
1.00
26.00
29.99
127.74
180.00
0.94
189.99
332.00
56.00
20.75
14.95
99.00
3.75
16.08
100.00
2.25
72.01
19.50
4.00
2.25
21.00
31.00
20.50
18.99
790.52
30.00
60.99
12.00
27.99
399.00
449.00
9.00
5.50
5.99
20.50
450.00
22.00
17.17
3105.00
1.29
6.00
0.82
295.00
80.00
3.99
9.99
1.25
62.00
8.50
351.00
9.99
0.01
4.80
4.45
3.65
4.25
10.50
3.23
4.80
3.74
79.00
13.00
510.00
65.00
8.99
40.00
4.25
0.69
44.50
0.01
9.99
9.52
39.93
120.00
118.99
18.50
225.00
7.98
10.99
15.50
14.51
94.95
2.75
1.75
199.99
9.99
42.00
2.75
100.00
39.95
3.25
115.87
89.95
22.53
23.50
5.99
13.00
165.00
85.00
4.60
175.00
4.75
498.90
30.99
46.80
12.75
13.00
33.00
2379.00
107.50
23.55
319.99
28.00
9.99
25.00
123.99
15.50
3.00
9.99
1295.00
18.99
150.00
21.00
63.00
45.00
19.51
29.99
152.50
9.99
31.92
2635.05
33.54
42.00
79.00
149.00
75.00
89.00
75.00
319.00
7.99
2.50
899.00
99.50
0.94
35.93
259.99
0.11
32.00
397.67
10.49
29.71
16.50
73.46
249.00
6.50
3.60
33.48
75.00
269.00
59.99
22.50
155.00
5.50
9.50
9.50
7.50
7.76
7.99
1925.00
10.05
19.99
7.49
2.99
50.00
375.00
10.99
0.97
2245.50
30.05
160.00
13.00
41.52
74.26
0.26
0.01
435.00
68.67
21.75
264.99
0.11
77.00
31.01
82.00
31.00
38.33
24.50
18.97
51.10
9.89
12.99
1.00
26.00
29.99
127.74
180.00
0.94
189.99
332.00
56.00
20.75
14.95
99.00
3.75
16.08
100.00
2.25
72.01
19.50
4.00
2.25
21.00
31.00
20.50
18.99
790.52
30.00
60.99
12.00
27.99
399.00
449.00
9.00
5.50
5.99
20.50
450.00
22.00
17.17
3105.00
1.29
6.00
0.82
295.00
80.00
3.99
9.99
1.25
62.00
8.50
351.00
9.99
0.01
4.80
4.45
3.65
4.25
10.50
3.23
4.80
3.74
79.00
13.00
510.00
65.00
8.99
40.00
4.25
0.69
44.50
0.01
9.99
9.52
39.93
120.00
118.99
18.50
225.00
7.98
10.99
15.50
14.51
94.95
2.75
1.75
199.99
9.99
42.00
2.75
100.00
39.95
3.25
115.87
89.95
22.53
23.50
5.99
13.00
165.00
85.00
4.60
175.00
4.75
498.90
30.99
46.80
12.75
13.00
33.00
2379.00
107.50
23.55
319.99
28.00
9.99
25.00
123.99
15.50
3.00
9.99
1295.00
18.99
150.00
21.00
63.00
45.00
19.51
29.99
152.50
9.99
31.92
2635.05
33.54
42.00
79.00
149.00
75.00
89.00
75.00
319.00
7.99
2.50
899.00
99.50
0.94
35.93
259.99
0.11
32.00
397.67
10.49
29.71
16.50
73.46
249.00
6.50
3.60
33.48
75.00
269.00
59.99
22.50
155.00
5.50
9.50
9.50
7.50
7.76
7.99
1925.00
10.05
19.99
7.49
2.99
50.00
375.00
10.99
0.97
2245.50
30.05
160.00
13.00
41.52
74.26
0.26
0.01
435.00
68.67
21.75
264.99
0.11
77.00
31.01
82.00
31.00
38.33
24.50
18.97
51.10
9.89
12.99
1.00
26.00
29.99
127.74
180.00
0.94
189.99
332.00
56.00
20.75
14.95
99.00
3.75
16.08
100.00
2.25
72.01
19.50
4.00
2.25
21.00
31.00
20.50
18.99
790.52
30.00
60.99
12.00
27.99
399.00
449.00
9.00
5.50
5.99
20.50
450.00
22.00
17.17
3105.00
1.29
6.00
0.82
295.00
80.00
3.99
9.99
1.25
62.00
8.50
351.00
9.99
0.01
4.80
4.45
3.65
4.25
10.50
3.23
4.80
3.74
79.00
13.00
510.00
65.00
8.99
40.00
4.25
0.69
44.50
0.01
9.99
9.52
39.93
120.00
118.99
18.50
225.00
7.98
10.99
15.50
14.51
94.95
2.75
1.75
199.99
9.99
42.00
2.75
100.00
39.95
3.25
115.87
89.95
22.53
23.50
5.99
13.00
165.00
85.00
4.60
175.00
4.75
498.90
30.99
46.80
12.75
13.00
33.00
2379.00
107.50
23.55
319.99
28.00
9.99
25.00
123.99
15.50
3.00
9.99
1295.00
18.99
150.00
21.00
63.00
45.00
19.51
29.99
152.50
9.99
31.92
2635.05
33.54
42.00
79.00
149.00
75.00
89.00
75.00
319.00
7.99
2.50
899.00
99.50
0.94
35.93
259.99
0.11
32.00
397.67
10.49
29.71
16.50
73.46
249.00
6.50
3.60
33.48
75.00
269.00
59.99
22.50
155.00
5.50
9.50
9.50
7.50
7.76
7.99
1925.00
10.05
19.99
7.49
2.99
50.00
375.00
10.99
0.97
2245.50
30.05
160.00
13.00
41.52
74.26
0.26
0.01
435.00
68.67
21.75
264.99
0.11
77.00
31.01
82.00
31.00
38.33
24.50
18.97
51.10
9.89
12.99
1.00
26.00
29.99
127.74
180.00
0.94
189.99
332.00
56.00
20.75
14.95
99.00
3.75
16.08
100.00
2.25
72.01
19.50
4.00
2.25
21.00
31.00
20.50
18.99
790.52
30.00
60.99
12.00
27.99
399.00
449.00
9.00
5.50
5.99
20.50
450.00
22.00
17.17
3105.00
1.29
6.00
0.82
295.00
80.00
3.99
9.99
1.25
62.00
8.50
351.00
9.99
0.01
4.80
4.45
3.65
4.25
10.50
3.23
4.80
3.74
79.00
13.00
510.00
65.00
8.99
40.00
4.25
0.69
44.50
0.01
9.99
9.52
39.93
120.00
118.99
18.50
225.00
7.98
10.99
15.50
14.51
94.95
2.75
1.75
199.99
9.99
42.00
2.75
100.00
39.95
3.25
115.87
89.95
22.53
23.50
5.99
13.00
165.00
85.00
4.60
175.00
4.75
498.90
30.99
46.80
12.75
13.00
33.00
2379.00
107.50
23.55
319.99
28.00
9.99
25.00
123.99
15.50
3.00
9.99
1295.00
18.99
150.00
21.00
63.00
45.00
19.51
29.99
152.50
9.99
31.92
2635.05
33.54
42.00
79.00
149.00
75.00
89.00
75.00
319.00
7.99
2.50
899.00
99.50
0.94
35.93
259.99
0.11
32.00
397.67
10.49
29.71
16.50
73.46
249.00
6.50
3.60
33.48
75.00
269.00
59.99
22.50
155.00
5.50
9.50
9.50
7.50
7.76
7.99
1925.00
10.05
19.99
7.49
2.99
50.00
375.00
10.99
0.97
2245.50
30.05
160.00
13.00
41.52
74.26
0.26
0.01
435.00
68.67
21.75
264.99
0.11
77.00
31.01
82.00
31.00
38.33
24.50
18.97
51.10
9.89
12.99
1.00
26.00
29.99
127.74
180.00
0.94
189.99
332.00
56.00
20.75
14.95
99.00
3.75
16.08
100.00
2.25
72.01
19.50
4.00
2.25
21.00
31.00
20.50
18.99
790.52
30.00
60.99
12.00
27.99
399.00
449.00
9.00
5.50
5.99
20.50
450.00
22.00
17.17
3105.00
1.29
6.00
0.82
295.00
80.00
3.99
9.99
1.25
62.00
8.50
351.00
9.99
0.01
4.80
4.45
3.65
4.25
10.50
3.23
4.80
3.74
79.00
13.00
510.00
65.00
8.99
40.00
4.25
0.69
44.50
0.01
9.99
9.52
39.93
120.00
118.99
18.50
225.00
7.98
10.99
15.50
14.51
94.95
2.75
1.75
199.99
9.99
42.00
2.75
100.00
39.95
3.25
115.87
89.95
22.53
23.50
5.99
13.00
165.00
85.00
4.60
175.00
4.75
498.90
30.99
46.80
12.75
13.00
33.00
2379.00
107.50
23.55
319.99
28.00
9.99
25.00
123.99
15.50
3.00
9.99
1295.00
18.99
150.00
21.00
63.00
45.00
19.51
29.99
152.50
9.99
31.92
2635.05
33.54
42.00
79.00
149.00
75.00
89.00
75.00
319.00
7.99
2.50
899.00
99.50
0.94
35.93
259.99
0.11
32.00
397.67
10.49
29.71
16.50
73.46
249.00
6.50
3.60
33.48
75.00
269.00
59.99
22.50
155.00
5.50
9.50
9.50
7.50
7.76
7.99
1925.00
10.05
19.99
7.49
2.99
50.00
375.00
10.99
0.97
2245.50
30.05
160.00
13.00
41.52
74.26
0.26
0.01
435.00
68.67
21.75
264.99
0.11
77.00
31.01
82.00
31.00
38.33
24.50
18.97
51.10
9.89
12.99
1.00
26.00
29.99
127.74
180.00
0.94
189.99
332.00
56.00
20.75
14.95
99.00
3.75
16.08
100.00
2.25
72.01
19.50
4.00
2.25
21.00
31.00
20.50
18.99
790.52
30.00
60.99
12.00
27.99
399.00
449.00
9.00
5.50
5.99
20.50
450.00
22.00
17.17
3105.00
1.29
6.00
0.82
295.00
80.00
3.99
9.99
1.25
62.00
8.50
351.00
9.99
0.01
4.80
4.45
3.65
4.25
10.50
3.23
4.80
3.74
79.00
13.00
510.00
65.00
8.99
40.00
4.25
0.69
44.50
0.01
9.99
9.52
39.93
120.00
118.99
18.50
225.00
7.98
10.99
15.50
14.51
94.95
2.75
1.75
199.99
9.99
42.00
2.75
100.00
39.95
3.25
115.87
89.95
22.53
23.50
5.99
13.00
165.00
85.00
4.60
175.00
4.75
498.90
30.99
46.80
12.75
13.00
33.00
2379.00
107.50
23.55
319.99
28.00
9.99
25.00
123.99
15.50
3.00
9.99
1295.00
18.99
150.00
21.00
63.00
45.00
19.51
29.99
152.50
9.99
31.92
2635.05
33.54
42.00
79.00
149.00
75.00
89.00
75.00
319.00
7.99
2.50
899.00
99.50
0.94
35.93
259.99
0.11
32.00
397.67
10.49
29.71
16.50
73.46
249.00
6.50
3.60
33.48
75.00
269.00
59.99
22.50
155.00
5.50
9.50
9.50
7.50
7.76
7.99
1925.00
10.05
19.99
7.49
2.99
50.00
375.00
10.99
0.97
2245.50
30.05
160.00
13.00
41.52
74.26
0.26
0.01
435.00
68.67
21.75
264.99
0.11
77.00
31.01
82.00
31.00
38.33
24.50
18.97
51.10
9.89
12.99
1.00
26.00
29.99
127.74
180.00
0.94
189.99
332.00
56.00
20.75
14.95
99.00
3.75
16.08
100.00
2.25
72.01
19.50
4.00
2.25
21.00
31.00
20.50
18.99
790.52
30.00
60.99
12.00
27.99
399.00
449.00
9.00
5.50
5.99
20.50
450.00
22.00
17.17
3105.00
1.29
6.00
0.82
295.00
80.00
3.99
9.99
1.25
62.00
8.50
351.00
9.99
0.01
4.80
4.45
3.65
4.25
10.50
3.23
4.80
3.74
79.00
13.00
510.00
65.00
8.99
40.00
4.25
0.69
44.50
0.01
9.99
9.52
39.93
120.00
118.99
18.50
225.00
7.98
10.99
15.50
14.51
94.95
2.75
1.75
199.99
9.99
42.00
2.75
100.00
39.95
3.25
115.87
89.95
22.53
23.50
5.99
13.00
165.00
85.00
4.60
175.00
4.75
498.90
30.99
46.80
12.75
13.00
33.00
2379.00
107.50
23.55
319.99
28.00
9.99
25.00
123.99
15.50
3.00
9.99
1295.00
18.99
150.00
21.00
63.00
45.00
19.51
29.99
152.50
9.99
31.92
2635.05
33.54
42.00
79.00
149.00
75.00
89.00
75.00
319.00
7.99
2.50
899.00
99.50
0.94
35.93
259.99
0.11
32.00
397.67
10.49
29.71
16.50
73.46
249.00
6.50
3.60
33.48
75.00
269.00
59.99
22.50
155.00
5.50
9.50
9.50
7.50
7.76
7.99
1925.00
10.05
19.99
7.49
2.99
50.00
375.00
10.99
0.97
2245.50
30.05
160.00
13.00
41.52
74.26
0.26
0.01
435.00
68.67
21.75
264.99
0.11
77.00
31.01
82.00
31.00
38.33
24.50
18.97
51.10
9.89
12.99
1.00
26.00
29.99
127.74
180.00
0.94
189.99
332.00
56.00
20.75
14.95
99.00
3.75
16.08
100.00
2.25
72.01
19.50
4.00
2.25
21.00
31.00
20.50
18.99
790.52
30.00
60.99
12.00
27.99
399.00
449.00
9.00
5.50
5.99
20.50
450.00
22.00
17.17
3105.00
1.29
6.00
0.82
295.00
80.00
3.99
9.99
1.25
62.00
8.50
351.00
9.99
0.01
4.80
4.45
3.65
4.25
10.50
3.23
4.80
3.74
79.00
13.00
510.00
65.00
8.99
40.00
4.25
0.69
44.50
0.01
9.99
9.52
39.93
120.00
118.99
18.50
225.00
7.98
10.99
15.50
14.51
94.95
2.75
1.75
199.99
9.99
42.00
2.75
100.00
39.95
3.25
115.87
89.95
22.53
23.50
5.99
13.00
165.00
85.00
4.60
175.00
4.75
498.90
30.99
46.80
12.75
13.00
33.00
2379.00
107.50
23.55
319.99
28.00
9.99
25.00
123.99
15.50
3.00
9.99
1295.00
18.99
150.00
21.00
63.00
45.00
19.51
29.99
152.50
9.99
31.92
2635.05
33.54
42.00
79.00
149.00
75.00
89.00
75.00
319.00
7.99
2.50
899.00
99.50
0.94
35.93
259.99
0.11
32.00
397.67
10.49
29.71
16.50
73.46
249.00
6.50
3.60
33.48
75.00
269.00
59.99
22.50
155.00
5.50
9.50
9.50
7.50
7.76
7.99
1925.00
10.05
19.99
7.49
2.99
50.00
375.00
10.99
0.97
2245.50
30.05
160.00
13.00
41.52
74.26
0.26
0.01
435.00
68.67
21.75
264.99
0.11
77.00
31.01
82.00
31.00
38.33
24.50
18.97
51.10
9.89
12.99
1.00
26.00
29.99
127.74
180.00
0.94
189.99
332.00
56.00
20.75
14.95
99.00
3.75
16.08
100.00
2.25
72.01
19.50
4.00
2.25
21.00
31.00
20.50
18.99
790.52
30.00
60.99
12.00
27.99
399.00
449.00
9.00
5.50
5.99
20.50
450.00
22.00
17.17
3105.00
1.29
6.00
0.82
295.00
80.00
3.99
9.99
1.25
62.00
8.50
351.00
9.99
0.01
4.80
4.45
3.65
4.25
10.50
3.23
4.80
3.74
79.00
13.00
510.00
65.00
8.99
40.00
4.25
0.69
44.50
0.01
9.99
9.52
39.93
120.00
118.99
18.50
225.00
7.98
10.99
15.50
14.51
94.95
2.75
1.75
199.99
9.99
42.00
2.75
100.00
39.95
3.25
115.87
89.95
22.53
23.50
5.99
13.00
165.00
85.00
4.60
175.00
4.75
498.90
30.99
46.80
12.75
13.00
33.00
2379.00
107.50
23.55
319.99
28.00
9.99
25.00
123.99
15.50
3.00
9.99
1295.00
18.99
150.00
21.00
63.00
45.00
19.51
29.99
152.50
9.99
31.92
2635.05
33.54
42.00
79.00
149.00
75.00
89.00
75.00
319.00
7.99
2.50
899.00
99.50
0.94
35.93
259.99
0.11
32.00
397.67
10.49
29.71
16.50
73.46
249.00
6.50
3.60
33.48
75.00
269.00
59.99
22.50
155.00
5.50
9.50
9.50
7.50
7.76
7.99
1925.00
10.05
19.99
7.49
2.99
50.00
375.00
10.99
0.97
2245.50
30.05
160.00
13.00
41.52
74.26
0.26
0.01
435.00
68.67
21.75
264.99
0.11
77.00
31.01
82.00
31.00
38.33
24.50
18.97
51.10
9.89
12.99
1.00
26.00
29.99
127.74
180.00
0.94
189.99
332.00
56.00
20.75
14.95
99.00
3.75
16.08
100.00
2.25
72.01
19.50
4.00
2.25
21.00
31.00
20.50
18.99
790.52
30.00
60.99
12.00
27.99
399.00
449.00
9.00
5.50
5.99
20.50
450.00
22.00
17.17
3105.00
1.29
6.00
0.82
295.00
80.00
3.99
9.99
1.25
62.00
8.50
351.00
9.99
0.01
4.80
4.45
3.65
4.25
10.50
3.23
4.80
3.74
79.00
13.00
510.00
65.00
8.99
40.00
4.25
0.69
44.50
0.01
9.99
9.52
39.93
120.00
118.99
18.50
225.00
7.98
10.99
15.50
14.51
94.95
2.75
1.75
199.99
9.99
42.00
2.75
100.00
39.95
3.25
115.87
89.95
22.53
23.50
5.99
13.00
165.00
85.00
4.60
175.00
4.75
498.90
30.99
46.80
12.75
13.00
33.00
2379.00
107.50
23.55
319.99
28.00
9.99
25.00
123.99
15.50
3.00
9.99
1295.00
18.99
150.00
21.00
63.00
45.00
19.51
29.99
152.50
9.99
31.92
2635.05
33.54
42.00
79.00
149.00
75.00
89.00
75.00
319.00
7.99
2.50
899.00
99.50
0.94
35.93
259.99
0.11
32.00
397.67
10.49
29.71
16.50
73.46
249.00
6.50
3.60
33.48
75.00
269.00
59.99
22.50
155.00
5.50
9.50
9.50
7.50
7.76
7.99
1925.00
10.05
19.99
7.49
2.99
50.00
375.00
10.99
0.97
2245.50
30.05
160.00
13.00
41.52
74.26
0.26
0.01
435.00
68.67
21.75
264.99
0.11
77.00
31.01
82.00
31.00
38.33
24.50
18.97
51.10
9.89
12.99
1.00
26.00
29.99
127.74
180.00
0.94
189.99
332.00
56.00
20.75
14.95
99.00
3.75
16.08
100.00
2.25
72.01
19.50
4.00
2.25
21.00
31.00
20.50
18.99
790.52
30.00
60.99
12.00
27.99
399.00
449.00
9.00
5.50
5.99
20.50
450.00
22.00
17.17
3105.00
1.29
6.00
0.82
295.00
80.00
3.99
9.99
1.25
62.00
8.50
351.00
9.99
0.01
4.80
4.45
3.65
4.25
10.50
3.23
4.80
3.74
79.00
13.00
510.00
65.00
8.99
40.00
4.25
0.69
44.50
0.01
9.99
9.52
39.93
120.00
118.99
18.50
225.00
7.98
10.99
15.50
14.51
94.95
2.75
1.75
199.99
9.99
42.00
2.75
100.00
39.95
3.25
115.87
89.95
22.53
23.50
5.99
13.00
165.00
85.00
4.60
175.00
4.75
498.90
30.99
46.80
12.75
13.00
33.00
2379.00
107.50
23.55
319.99
28.00
9.99
25.00
123.99
15.50
3.00
9.99
1295.00
18.99
150.00
21.00
63.00
45.00
19.51
29.99
152.50
9.99
31.92
2635.05
33.54
42.00
79.00
149.00
75.00
89.00
75.00
319.00
7.99
2.50
899.00
99.50
0.94
35.93
259.99
0.11
32.00
397.67
10.49
29.71
16.50
73.46
249.00
6.50
3.60
33.48
75.00
269.00
59.99
22.50
155.00
5.50
9.50
9.50
7.50
7.76
7.99
1925.00
10.05
19.99
7.49
2.99
50.00
375.00
10.99
0.97
2245.50
30.05
160.00
13.00
41.52
74.26
0.26
0.01
435.00
68.67
21.75
264.99
0.11
77.00
31.01
82.00
31.00
38.33
24.50
18.97
51.10
9.89
12.99
1.00
26.00
29.99
127.74
180.00
0.94
189.99
332.00
56.00
20.75
14.95
99.00
3.75
16.08
100.00
2.25
72.01
19.50
4.00
2.25
21.00
31.00
20.50
18.99
790.52
30.00
60.99
12.00
27.99
399.00
449.00
9.00
5.50
5.99
20.50
450.00
22.00
17.17
3105.00
1.29
6.00
0.82
295.00
80.00
3.99
9.99
1.25
62.00
8.50
351.00
9.99
0.01
4.80
4.45
3.65
4.25
10.50
3.23
4.80
3.74
79.00
13.00
510.00
65.00
8.99
40.00
4.25
0.69
44.50
0.01
9.99
9.52
39.93
120.00
118.99
18.50
225.00
7.98
10.99
15.50
14.51
94.95
2.75
1.75
199.99
9.99
42.00
2.75
100.00
39.95
3.25
115.87
89.95
22.53
23.50
5.99
13.00
165.00
85.00
4.60
175.00
4.75
498.90
30.99
46.80
12.75
13.00
33.00
2379.00
107.50
23.55
319.99
28.00
9.99
25.00
123.99
15.50
3.00
9.99
1295.00
18.99
150.00
21.00
63.00
45.00
19.51
29.99
152.50
9.99
31.92
2635.05
33.54
42.00
79.00
149.00
75.00
89.00
75.00
319.00
7.99
2.50
899.00
99.50
0.94
35.93
259.99
0.11
32.00
397.67
10.49
29.71
16.50
73.46
249.00
6.50
3.60
33.48
75.00
269.00
59.99
22.50
155.00
5.50
9.50
9.50
7.50
7.76
7.99
1925.00
10.05
19.99
7.49
2.99
50.00
375.00
10.99
0.97
2245.50
30.05
160.00
13.00
41.52
74.26
0.26
0.01
435.00
68.67
21.75
264.99
0.11
77.00
31.01
82.00
31.00
38.33
24.50
18.97
51.10
9.89
12.99
1.00
26.00
29.99
127.74
180.00
0.94
189.99
332.00
56.00
20.75
14.95
99.00
3.75
16.08
100.00
2.25
72.01
19.50
4.00
2.25
21.00
31.00
20.50
18.99
790.52
30.00
60.99
12.00
27.99
399.00
449.00
9.00
5.50
5.99
20.50
450.00
22.00
17.17
3105.00
1.29
6.00
0.82
295.00
80.00
3.99
9.99
1.25
62.00
8.50
351.00
9.99
0.01
4.80
4.45
3.65
4.25
10.50
3.23
4.80
3.74
79.00
13.00
510.00
65.00
8.99
40.00
4.25
0.69
44.50
0.01
9.99
9.52
39.93
120.00
118.99
18.50
225.00
7.98
10.99
15.50
14.51
94.95
2.75
1.75
199.99
9.99
42.00
2.75
100.00
39.95
3.25
115.87
89.95
22.53
23.50
5.99
13.00
165.00
85.00
4.60
175.00
4.75
498.90
30.99
46.80
12.75
13.00
33.00
2379.00
107.50
23.55
319.99
28.00
9.99
25.00
123.99
15.50
3.00
9.99
1295.00
18.99
150.00
21.00
63.00
45.00
19.51
29.99
152.50
9.99
31.92
2635.05
33.54
42.00
79.00
149.00
75.00
89.00
75.00
319.00
7.99
2.50
899.00
99.50
0.94
35.93
259.99
0.11
32.00
397.67
10.49
29.71
16.50
73.46
249.00
6.50
3.60
33.48
75.00
269.00
59.99
22.50
155.00
5.50
9.50
9.50
7.50
7.76
7.99
1925.00
10.05
19.99
7.49
2.99
50.00
375.00
10.99
0.97
2245.50
30.05
160.00
13.00
41.52
74.26
0.26
0.01
435.00
68.67
21.75
264.99
0.11
77.00
31.01
82.00
31.00
38.33
24.50
18.97
51.10
9.89
12.99
1.00
26.00
29.99
127.74
180.00
0.94
189.99
332.00
56.00
20.75
14.95
99.00
3.75
16.08
100.00
2.25
72.01
19.50
4.00
2.25
21.00
31.00
20.50
18.99
790.52
30.00
60.99
12.00
27.99
399.00
449.00
9.00
5.50
5.99
20.50
450.00
22.00
17.17
3105.00
1.29
6.00
0.82
295.00
80.00
3.99
9.99
1.25
62.00
8.50
351.00
9.99
0.01
4.80
4.45
3.65
4.25
10.50
3.23
4.80
3.74
79.00
13.00
510.00
65.00
8.99
40.00
4.25
0.69
44.50
0.01
9.99
9.52
39.93
120.00
118.99
18.50
225.00
7.98
10.99
15.50
14.51
94.95
2.75
1.75
199.99
9.99
42.00
2.75
100.00
39.95
3.25
115.87
89.95
22.53
23.50
5.99
13.00
165.00
85.00
4.60
175.00
4.75
498.90
30.99
46.80
12.75
13.00
33.00
2379.00
107.50
23.55
319.99
28.00
9.99
25.00
123.99
15.50
3.00
9.99
1295.00
18.99
150.00
21.00
63.00
45.00
19.51
29.99
152.50
9.99
31.92
2635.05
33.54
42.00
79.00
149.00
75.00
89.00
75.00
319.00
7.99
2.50
899.00
99.50
0.94
35.93
259.99
0.11
32.00
397.67
10.49
29.71
16.50
73.46
249.00
6.50
3.60
33.48
75.00
269.00
59.99
22.50
155.00
5.50
9.50
9.50
7.50
7.76
7.99
1925.00
10.05
19.99
7.49
2.99
50.00
375.00
10.99
0.97
2245.50
30.05
160.00
13.00
41.52
74.26
0.26
0.01
435.00
68.67
21.75
264.99
0.11
77.00
31.01
82.00
31.00
38.33
24.50
18.97
51.10
9.89
12.99
1.00
26.00
29.99
127.74
180.00
0.94
189.99
332.00
56.00
20.75
14.95
99.00
3.75
16.08
100.00
2.25
72.01
19.50
4.00
2.25
21.00
31.00
20.50
18.99
790.52
30.00
60.99
12.00
27.99
399.00
449.00
9.00
5.50
5.99
20.50
450.00
22.00
17.17
3105.00
1.29
6.00
0.82
295.00