29.99
5.74
12.52
29.99
14.99
6.99
7.99
8.99
15.38
19.00
14.99
12.99
49.97
9.99
6.99
10.77
11.00
31.99
9.95
39.99
15.99
4.97
9.99
49.99
29.99
64.99
19.99
39.99
22.00
59.98
63.19
17.99
27.90
49.99
20.66
39.99
64.99
36.99
74.99
1.99
49.95
39.95
7.95
2.88
78.97
16.22
21.99
33.50
15.99
23.95
47.90
69.98
40.00
39.99
78.97
19.99
69.95
18.00
30.99
13.23
30.00
12.99
74.95
49.30
10.99
30.00
24.99
14.99
59.99
39.99
10.99
129.99
39.99
47.00
27.90
22.00
35.00
27.99
39.99
47.00
15.95
59.95
59.99
13.99
19.99
63.95
16.99
39.99
34.95
9.99
18.59
15.77
12.39
13.69
8.99
74.95
19.99
39.00
34.92
13.51
69.00
12.00
89.00
24.99
19.95
16.99
29.99
10.99
60.00
49.89
33.91
30.00
12.95
39.99
14.08
14.08
65.00
6.86
13.99
19.99
6.75
8.95
7.88
29.99
2.75
9.19
49.95
12.99
27.99
29.99
19.99
27.00
49.99
83.56
29.98
29.99
15.10
59.95
57.85
88.00
45.00
24.98
6.49
14.75
27.99
46.00
9.95
68.05
89.00
34.95
64.95
29.99
23.95
99.00
7.99
4.99
33.50
10.16
34.99
36.20
39.80
39.99
5.99
109.00
53.95
43.88
44.00
2.75
150.00
28.99
19.99
12.00
38.40
39.99
19.99
98.80
84.50
60.00
35.00
47.50
19.99
84.95
5.98
39.95
69.99
49.99
19.99
6.75
19.99
20.31
6.86
30.00
14.99
60.00
39.99
5.95
24.99
10.99
13.65
8.50
74.00
84.95
39.45
11.12
7.99
32.99
58.00
99.99
15.99
22.95
11.99
34.99
39.99
14.99
14.99
39.00
5.99
5.50
34.99
25.00
18.00
40.00
40.00
19.99
39.95
2.88
16.49
24.86
67.00
9.50
44.95
27.50
13.89
28.44
9.49
14.99
13.75
55.99
7.99
61.98
27.95
19.95
24.99
29.99
34.95
25.95
35.98
30.99
92.00
14.95
79.95
32.99
25.95
84.99
79.00
39.99
21.00
24.99
29.99
32.00
5.99
11.17
49.99
85.99
14.87
70.00
74.99
11.17
27.90
11.99
49.89
15.25
29.99
11.99
15.95
40.00
33.99
19.99
39.99
14.98
103.16
11.49
75.00
69.97
15.00
11.12
49.99
99.99
7.99
19.99
15.25
9.30
14.18
14.18
14.18
14.58
14.98
14.98
14.98
8.99
8.99
69.97
14.99
34.99
49.95
12.00
10.00
29.99
40.00
4.02
28.95
44.99
8.99
39.95
27.90
6.95
135.00
4.29
11.99
45.00
15.38
52.99
120.00
2.88
39.00
9.75
9.30
10.99
19.99
99.99
14.99
59.99
119.99
18.00
29.54
18.99
119.95
129.99
25.41
39.99
26.40
14.75
12.95
39.99
14.95
99.95
63.97
25.00
79.97
84.95
54.99
49.95
79.97
49.99
5.50
39.99
123.00
26.99
24.99
7.99
49.89
12.14
19.99
74.99
34.99
19.99
54.99
29.99
39.99
17.99
21.99
22.99
59.99
21.99
22.99
8.79
32.30
119.00
18.00
5.25
49.99
9.49
25.99
9.99
119.99
36.99
35.00
20.00
19.95
16.75
34.29
14.20
12.99
29.99
17.99
29.99
9.94
52.45
8.99
34.88
4.95
35.90
16.99
119.99
32.99
27.95
49.95
60.00
79.97
12.59
49.99
27.90
14.99
15.00
30.30
8.95
39.99
89.99
38.88
16.88
6.99
24.99
48.17
35.95
9.29
7.99
27.99
39.90
24.99
22.95
9.95
32.99
12.99
12.99
22.95
13.39
19.50
25.99
36.44
9.50
4.50
17.59
31.60
25.00
49.95
19.99
14.99
43.99
118.88
117.95
119.99
10.00
7.99
9.99
10.40
10.99
38.86
26.99
75.00
79.95
33.00
14.99
7.99
12.80
29.00
3.44
60.00
3.63
32.30
68.00
27.99
8.99
19.99
3.47
3.52
37.99
18.30
45.99
62.95
20.66
25.00
12.99
49.99
69.99
3.46
3.57
12.59
3.43
3.43
3.46
12.50
19.99
15.99
33.99
33.99
58.97
5.29
9.99
55.95
4.97
30.00
6.99
27.90
16.88
52.99
79.97
64.95
17.99
2.88
27.99
5.32
6.50
24.86
5.80
30.00
49.95
119.00
5.17
14.98
6.99
16.49
8.99
2.88
100.00
19.99
79.97
16.86
15.95
39.99
45.99
49.94
25.00
44.99
13.75
29.99
24.99
10.00
14.99
35.00
27.95
25.00
15.00
24.98
55.99
34.00
20.66
4.98
89.41
19.99
39.99
20.00
12.10
5.98
9.00
39.99
25.00
29.99
19.77
21.79
8.88
12.59
83.60
49.88
29.99
19.50
9.80
119.99
19.00
12.99
11.16
89.95
19.95
39.99
59.95
19.99
15.95
32.99
5.96
17.99
25.00
22.95
7.39
4.97
79.99
18.95
15.99
9.95
35.95
7.39
59.99
89.99
6.86
6.99
19.77
47.50
79.99
9.49
10.99
54.95
49.95
55.99
5.99
35.00
11.17
49.99
45.00
85.99
14.87
70.00
74.99
11.17
27.90
54.50
11.99
41.95
49.89
31.99
31.95
24.99
39.95
32.98
38.98
15.25
29.99
11.99
15.95
15.95
40.00
69.99
33.99
45.00
19.99
31.95
39.99
49.95
6.99
14.98
103.16
55.99
11.49
32.44
49.95
75.00
39.99
69.97
7.79
27.75
15.00
11.12
24.95
12.95
11.80
19.99
40.84
59.95
67.97
58.97
89.95
12.00
9.99
33.00
45.99
24.99
15.99
19.99
33.99
40.00
15.95
74.99
34.99
39.95
12.00
79.99
139.00
13.90
29.95
15.00
34.00
31.99
5.99
6.98
23.49
39.95
8.99
25.00
34.88
129.99
49.99
68.99
19.99
19.99
19.77
99.99
11.48
11.48
11.48
11.48
29.99
19.95
159.99
1.99
24.00
9.79
5.99
6.99
6.95
17.99
24.00
29.99
24.99
14.99
29.99
35.00
25.70
8.99
9.97
11.99
7.39
9.94
29.99
29.99
15.95
8.99
47.50
89.99
33.88
19.99
16.99
129.99
6.95
24.86
25.00
25.95
17.59
12.99
7.49
24.86
16.49
35.95
9.49
9.99
28.00
24.99
6.99
10.99
17.95
22.95
19.77
19.99
5.49
31.95
36.00
25.00
28.19
56.90
33.95
18.00
29.54
28.00
18.99
40.00
5.00
38.95
20.00
44.99
40.29
11.22
119.95
129.99
57.66
55.99
14.95
34.99
29.95
20.00
20.00
25.41
39.99
19.00
29.00
26.40
36.00
37.88
30.98
29.96
26.99
39.99
14.75
29.89
28.99
12.95
20.00
39.99
39.99
14.95
40.00
99.95
16.49
41.90
63.97
30.00
25.00
67.99
60.00
27.90
21.99
39.97
24.99
21.99
4.98
14.99
6.90
12.00
4.97
17.59
38.99
8.45
16.70
8.45
45.99
16.49
40.00
30.00
25.00
67.99
60.00
27.90
21.99
39.97
24.99
21.99
4.98
14.99
6.90
12.00
4.97
17.59
38.99
8.45
16.70
8.45
45.99
16.49
40.00
30.00
25.00
67.99
60.00
27.90
21.99
39.97
24.99
21.99
4.98
14.99
6.90
12.00
4.97
17.59
38.99
8.45
16.70
8.45
45.99
16.49
40.00
30.00
25.00
67.99
60.00
27.90
21.99
39.97
24.99
21.99
4.98
14.99
6.90
12.00
4.97
17.59
38.99
8.45
16.70
8.45
45.99
16.49
40.00
30.00
25.00
67.99
60.00
27.90
21.99
39.97
24.99
21.99
4.98
14.99
6.90
12.00
4.97
17.59
38.99
8.45
16.70
8.45
45.99
16.49
40.00
15.19
12.50
19.99
33.00
15.99
33.99
33.99
58.97
5.29
46.32
34.95
9.99
55.95
39.50
54.99
4.97
35.95
33.20
30.00
31.99
39.99
6.99
40.00
35.95
27.90
16.88
30.95
52.99
62.97
79.97
64.95
17.99
19.99
2.88
6.99
75.00
27.99
5.32
6.50
33.50
24.86
39.99
5.80
29.95
39.95
30.00
49.95
38.95
39.99
25.00
30.00
25.00
67.99
60.00
27.90
21.99
39.97
24.99
21.99
4.98
14.99
6.90
12.00
4.97
17.59
38.99
8.45
16.70
8.45
45.99
16.49
40.00
30.00
25.00
67.99
60.00
27.90
21.99
39.97
24.99
21.99
4.98
14.99
6.90
12.00
4.97
17.59
38.99
8.45
16.70
8.45
45.99
16.49
40.00
30.00
25.00
67.99
60.00
27.90
21.99
39.97
24.99
21.99
4.98
14.99
6.90
12.00
4.97
17.59
38.99
8.45
16.70
8.45
45.99
16.49
40.00
39.99
54.99
74.99
27.96
39.99
35.95
45.00
35.00
54.90
5.99
19.90
33.99
22.00
40.00
35.95
44.95
22.00
23.99
29.99
40.00
43.50
24.00
50.00
44.00
44.95
25.00
100.00
25.00
26.99
12.50
31.30
19.99
46.00
59.95
26.10
34.00
8.00
39.99
45.15
44.97
33.99
39.99
6.99
15.00
59.95
11.80
29.99
49.00
36.99
91.10
30.00
25.00
67.99
60.00
27.90
21.99
39.97
24.99
21.99
4.98
14.99
6.90
12.00
4.97
17.59
38.99
8.45
16.70
8.45
45.99
16.49
40.00
30.00
25.00
67.99
60.00
27.90
21.99
39.97
24.99
21.99
4.98
14.99
6.90
12.00
4.97
17.59
38.99
8.45
16.70
8.45
45.99
16.49
40.00
30.00
25.00
67.99
60.00
27.90
21.99
39.97
24.99
21.99
4.98
14.99
6.90
12.00
4.97
17.59
38.99
8.45
16.70
8.45
45.99
16.49
40.00
30.00
25.00
67.99
60.00
27.90
21.99
39.97
24.99
21.99
4.98
14.99
6.90
12.00
4.97
17.59
38.99
8.45
16.70
8.45
45.99
16.49
40.00
30.00
25.00
67.99
60.00
27.90
21.99
39.97
24.99
21.99
4.98
14.99
6.90
12.00
4.97
17.59
38.99
8.45
16.70
8.45
45.99
16.49
40.00
30.00
25.00
67.99
60.00
27.90
21.99
39.97
24.99
21.99
4.98
14.99
6.90
12.00
4.97
17.59
38.99
8.45
16.70
8.45
45.99
16.49
40.00
20.00
17.59
33.20
39.95
38.99
8.45
16.70
8.45
6.99
43.99
30.00
20.00
36.99
45.99
40.00
16.49
38.95
7.80
40.00
40.00
39.95
59.83
25.99
48.43
24.04
32.28
22.53
27.44
20.98
16.13
24.04
32.28
11.22
30.00
25.00
67.99
60.00
27.90
21.99
39.97
24.99
21.99
4.98
14.99
6.90
12.00
4.97
17.59
38.99
8.45
16.70
8.45
45.99
16.49
40.00
30.00
25.00
67.99
60.00
27.90
21.99
39.97
24.99
21.99
4.98
14.99
6.90
12.00
4.97
17.59
38.99
8.45
16.70
8.45
45.99
16.49
40.00
30.00
25.00
67.99
60.00
27.90
21.99
39.97
24.99
21.99
4.98
14.99
6.90
12.00
4.97
17.59
38.99
8.45
16.70
8.45
45.99
16.49
40.00
30.00
25.00
67.99
60.00
27.90
21.99
39.97
24.99
21.99
4.98
14.99
6.90
12.00
4.97
17.59
38.99
8.45
16.70
8.45
45.99
16.49
40.00
30.00
25.00
67.99
60.00
27.90
21.99
39.97
24.99
21.99
4.98
14.99
6.90
12.00
4.97
17.59
38.99
8.45
16.70
8.45
45.99
16.49
40.00
30.00
25.00
67.99
60.00
27.90
21.99
39.97
24.99
21.99
4.98
14.99
6.90
12.00
4.97
17.59
38.99
8.45
16.70
8.45
45.99
16.49
40.00
30.00
25.00
67.99
60.00
27.90
21.99
39.97
24.99
21.99
4.98
14.99
6.90
12.00
4.97
17.59
38.99
8.45
16.70
8.45
45.99
16.49
40.00
20.00
17.59
33.20
39.95
38.99
8.45
16.70
8.45
6.99
43.99
30.00
20.00
36.99
45.99
40.00
16.49
38.95
7.80
40.00
40.00
39.95
59.83
25.99
30.00
25.00
67.99
60.00
27.90
21.99
39.97
24.99
21.99
4.98
14.99
6.90
12.00
4.97
17.59
38.99
8.45
16.70
8.45
45.99
16.49
40.00
30.00
25.00
67.99
60.00
27.90
21.99
39.97
24.99
21.99
4.98
14.99
6.90
12.00
4.97
17.59
38.99
8.45
16.70
8.45
45.99
16.49
40.00
30.00
25.00
67.99
60.00
27.90
21.99
39.97
24.99
21.99
4.98
14.99
6.90
12.00
4.97
17.59
38.99
8.45
16.70
8.45
45.99
16.49
40.00
30.00
25.00
67.99
60.00
27.90
21.99
39.97
24.99
21.99
4.98
14.99
6.90
12.00
4.97
17.59
38.99
8.45
16.70
8.45
45.99
16.49
40.00
30.00
25.00
67.99
60.00
27.90
21.99
39.97
24.99
21.99
4.98
14.99
6.90
12.00
4.97
17.59
38.99
8.45
16.70
8.45
45.99
16.49
40.00
30.00
25.00
67.99
60.00
27.90
21.99
39.97
24.99
21.99
4.98
14.99
6.90
12.00
4.97
17.59
38.99
8.45
16.70
8.45
45.99
16.49
40.00
30.00
25.00
67.99
60.00
27.90
21.99
39.97
24.99
21.99
4.98
14.99
6.90
12.00
4.97
17.59
38.99
8.45
16.70
8.45
45.99
16.49
40.00
30.00
25.00
67.99
60.00
27.90
21.99
39.97
24.99
21.99
4.98
14.99
6.90
12.00
4.97
17.59
38.99
8.45
16.70
8.45
45.99
16.49
40.00
30.00
25.00
67.99
60.00
27.90
21.99
39.97
24.99
21.99
4.98
14.99
6.90
12.00
4.97
17.59
38.99
8.45
16.70
8.45
45.99
16.49
40.00