18.99
24.99
15.50
27.00
39.99
2.99
0.99
0.99
6.99
16.21
8.03
60.00
7.99
3.24
75.00
4.24
11.50
39.99
23.95
11.50
9.99
189.99
5.99
4.00
15.99
1.04
7.50
13.50
2.75
11.00
12.00
36.64
16.49
8.50
4.99
9.99
58.50
27.78
15.99
7.99
20.00
19.99
10.00
7.52
46.00
3.50
59.99
27.01
9.99
9.95
37.00
34.25
42.00
31.99
22.48
4.99
4.99
2.85
22.29
32.99
29.99
10.50
8.99
10.95
13.55
22.99
5.99
31.84
69.95
67.00
17.99
8.50
22.50
65.00
39.99
2.24
2.99
29.99
1.54
9.50
11.99
14.28
48.01
2.99
69.90
25.49
9.99
14.99
19.99
12.50
26.00
19.99
9.50
22.99
12.99
5.58
4.81
0.99
12.99
30.99
43.01
1.00
9.50
22.99
14.99
7.50
5.00
12.76
8.76
6.36
17.52
32.24
6.05
56.00
18.00
15.50
2.99
12.50
1.54
29.99
70.09
18.00
7.99
16.00
32.06
9.50
41.04
3.99
9.99
10.00
8.50
5.99
47.39
30.00
4.25
4.24
0.99
15.49
65.12
2.54
9.99
114.69
12.99
2.43
3.99
10.50
14.90
7.99
19.99
24.99
12.00
10.50
15.90
26.00
190.49
84.42
12.99
2.25
64.94
51.99
41.42
20.00
8.50
11.99
5.96
175.00
4.24
6.99
15.90
15.51
19.91
0.99
4.49
19.00
62.11
19.99
8.99
0.10
26.00
19.99
38.23
3.99
1.54
16.50
89.00
16.99
31.86
20.49
7.00
10.00
9.99
7.00
22.30
50.97
1.75
24.99
8.49
19.99
48.99
15.90
35.04
62.00
5.00
11.99
56.89
10.00
19.49
28.99
40.00
23.49
2.04
30.00
24.99
6.00
11.50
3.84
8.00
12.76
8.76
6.36
17.52
32.24
6.05
56.00
18.00
15.50
2.99
12.50
1.54
29.99
70.09
18.00
7.99
16.00
32.06
9.50
41.04
3.99
9.99
10.00
8.50
5.99
47.39
30.00
4.25
4.24
0.99
15.49
65.12
2.54
9.99
114.69
12.99
2.43
3.99
10.50
14.90
7.99
19.99
24.99
12.00
10.50
15.90
26.00
190.49
84.42
12.99
2.25
64.94
51.99
41.42
20.00
8.50
11.99
5.96
175.00
4.24
6.99
15.90
15.51
19.91
0.99
4.49
19.00
62.11
19.99
8.99
0.10
26.00
19.99
38.23
3.99
1.54
16.50
89.00
16.99
31.86
20.49
7.00
10.00
9.99
7.00
22.30
50.97
1.75
24.99
8.49
19.99
48.99
15.90
35.04
62.00
5.00
11.99
56.89
10.00
19.49
28.99
40.00
23.49
2.04
30.00
24.99
6.00
11.50
3.84
8.00
12.76
8.76
6.36
17.52
32.24
6.05
56.00
18.00
15.50
2.99
12.50
1.54
29.99
70.09
18.00
7.99
16.00
32.06
9.50
41.04
3.99
9.99
10.00
8.50
5.99
47.39
30.00
4.25
4.24
0.99
15.49
65.12
2.54
9.99
114.69
12.99
2.43
3.99
10.50
14.90
7.99
19.99
24.99
12.00
10.50
15.90
26.00
190.49
84.42
12.99
2.25
64.94
51.99
41.42
20.00
8.50
11.99
5.96
175.00
4.24
6.99
15.90
15.51
19.91
0.99
4.49
19.00
62.11
19.99
8.99
0.10
26.00
19.99
38.23
3.99
1.54
16.50
89.00
16.99
31.86
20.49
7.00
10.00
9.99
7.00
22.30
50.97
1.75
24.99
8.49
19.99
48.99
15.90
35.04
62.00
5.00
11.99
56.89
10.00
19.49
28.99
40.00
23.49
2.04
30.00
24.99
6.00
11.50
3.84
8.00
12.76
8.76
6.36
17.52
32.24
6.05
56.00
18.00
15.50
2.99
12.50
1.54
29.99
70.09
18.00
7.99
16.00
32.06
9.50
41.04
3.99
9.99
10.00
8.50
5.99
47.39
30.00
4.25
4.24
0.99
15.49
65.12
2.54
9.99
114.69
12.99
2.43
3.99
10.50
14.90
7.99
19.99
24.99
12.00
10.50
15.90
26.00
190.49
84.42
12.99
2.25
64.94
51.99
41.42
20.00
8.50
11.99
5.96
175.00
4.24
6.99
15.90
15.51
19.91
0.99
4.49
19.00
62.11
19.99
8.99
0.10
26.00
19.99
38.23
3.99
1.54
16.50
89.00
16.99
31.86
20.49
7.00
10.00
9.99
7.00
22.30
50.97
1.75
24.99
8.49
19.99
48.99
15.90
35.04
62.00
5.00
11.99
56.89
10.00
19.49
28.99
40.00
23.49
2.04
30.00
24.99
6.00
11.50
3.84
8.00
12.76
8.76
6.36
17.52
32.24
6.05
56.00
18.00
15.50
2.99
12.50
1.54
29.99
70.09
18.00
7.99
16.00
32.06
9.50
41.04
3.99
9.99
10.00
8.50
5.99
47.39
30.00
4.25
4.24
0.99
15.49
65.12
2.54
9.99
114.69
12.99
2.43
3.99
10.50
14.90
7.99
19.99
24.99
12.00
10.50
15.90
26.00
190.49
84.42
12.99
2.25
64.94
51.99
41.42
20.00
8.50
11.99
5.96
175.00
4.24
6.99
15.90
15.51
19.91
0.99
4.49
19.00
62.11
19.99
8.99
0.10
26.00
19.99
38.23
3.99
1.54
16.50
89.00
16.99
31.86
20.49
7.00
10.00
9.99
7.00
22.30
50.97
1.75
24.99
8.49
19.99
48.99
15.90
35.04
62.00
5.00
11.99
56.89
10.00
19.49
28.99
40.00
23.49
2.04
30.00
24.99
6.00
11.50
3.84
8.00
12.76
8.76
6.36
17.52
32.24
6.05
56.00
18.00
15.50
2.99
12.50
1.54
29.99
70.09
18.00
7.99
16.00
32.06
9.50
41.04
3.99
9.99
10.00
8.50
5.99
47.39
30.00
4.25
4.24
0.99
15.49
65.12
2.54
9.99
114.69
12.99
2.43
3.99
10.50
14.90
7.99
19.99
24.99
12.00
10.50
15.90
26.00
190.49
84.42
12.99
2.25
64.94
51.99
41.42
20.00
8.50
11.99
5.96
175.00
4.24
6.99
15.90
15.51
19.91
0.99
4.49
19.00
62.11
19.99
8.99
0.10
26.00
19.99
38.23
3.99
1.54
16.50
89.00
16.99
31.86
20.49
7.00
10.00
9.99
7.00
22.30
50.97
1.75
24.99
8.49
19.99
48.99
15.90
35.04
62.00
5.00
11.99
56.89
10.00
19.49
28.99
40.00
23.49
2.04
30.00
24.99
6.00
11.50
3.84
8.00
12.76
8.76
6.36
17.52
32.24
6.05
56.00
18.00
15.50
2.99
12.50
1.54
29.99
70.09
18.00
7.99
16.00
32.06
9.50
41.04
3.99
9.99
10.00
8.50
5.99
47.39
30.00
4.25
4.24
0.99
15.49
65.12
2.54
9.99
114.69
12.99
2.43
3.99
10.50
14.90
7.99
19.99
24.99
12.00
10.50
15.90
26.00
190.49
84.42
12.99
2.25
64.94
51.99
41.42
20.00
8.50
11.99
5.96
175.00
4.24
6.99
15.90
15.51
19.91
0.99
4.49
19.00
62.11
19.99
8.99
0.10
26.00
19.99
38.23
3.99
1.54
16.50
89.00
16.99
31.86
20.49
7.00
10.00
9.99
7.00
22.30
50.97
1.75
24.99
8.49
19.99
48.99
15.90
35.04
62.00
5.00
11.99
56.89
10.00
19.49
28.99
40.00
23.49
2.04
30.00
24.99
6.00
11.50
3.84
8.00
12.76
8.76
6.36
17.52
32.24
6.05
56.00
18.00
15.50
2.99
12.50
1.54
29.99
70.09
18.00
7.99
16.00
32.06
9.50
41.04
3.99
9.99
10.00
8.50
5.99
47.39
30.00
4.25
4.24
0.99
15.49
65.12
2.54
9.99
114.69
12.99
2.43
3.99
10.50
14.90
7.99
19.99
24.99
12.00
10.50
15.90
26.00
190.49
84.42
12.99
2.25
64.94
51.99
41.42
20.00
8.50
11.99
5.96
175.00
4.24
6.99
15.90
15.51
19.91
0.99
4.49
19.00
62.11
19.99
8.99
0.10
26.00
19.99
38.23
3.99
1.54
16.50
89.00
16.99
31.86
20.49
7.00
10.00
9.99
7.00
22.30
50.97
1.75
24.99
8.49
19.99
48.99
15.90
35.04
62.00
5.00
11.99
56.89
10.00
19.49
28.99
40.00
23.49
2.04
30.00
24.99
6.00
11.50
3.84
8.00
12.76
8.76
6.36
17.52
32.24
6.05
56.00
18.00
15.50
2.99
12.50
1.54
29.99
70.09
18.00
7.99
16.00
32.06
9.50
41.04
3.99
9.99
10.00
8.50
5.99
47.39
30.00
4.25
4.24
0.99
15.49
65.12
2.54
9.99
114.69
12.99
2.43
3.99
10.50
14.90
7.99
19.99
24.99
12.00
10.50
15.90
26.00
190.49
84.42
12.99
2.25
64.94
51.99
41.42
20.00
8.50
11.99
5.96
175.00
4.24
6.99
15.90
15.51
19.91
0.99
4.49
19.00
62.11
19.99
8.99
0.10
26.00
19.99
38.23
3.99
1.54
16.50
89.00
16.99
31.86
20.49
7.00
10.00
9.99
7.00
22.30
50.97
1.75
24.99
8.49
19.99
48.99
15.90
35.04
62.00
5.00
11.99
56.89
10.00
19.49
28.99
40.00
23.49
2.04
30.00
24.99
6.00
11.50
3.84
8.00
12.76
8.76
6.36
17.52
32.24
6.05
56.00
18.00
15.50
2.99
12.50
1.54
29.99
70.09
18.00
7.99
16.00
32.06
9.50
41.04
3.99
9.99
10.00
8.50
5.99
47.39
30.00
4.25
4.24
0.99
15.49
65.12
2.54
9.99
114.69
12.99
2.43
3.99
10.50
14.90
7.99
19.99
24.99
12.00
10.50
15.90
26.00
190.49
84.42
12.99
2.25
64.94
51.99
41.42
20.00
8.50
11.99
5.96
175.00
4.24
6.99
15.90
15.51
19.91
0.99
4.49
19.00
62.11
19.99
8.99
0.10
26.00
19.99
38.23
3.99
1.54
16.50
89.00
16.99
31.86
20.49
7.00
10.00
9.99
7.00
22.30
50.97
1.75
24.99
8.49
19.99
48.99
15.90
35.04
62.00
5.00
11.99
56.89
10.00
19.49
28.99
40.00
23.49
2.04
30.00
24.99
6.00
11.50
3.84
8.00
12.76
8.76
6.36
17.52
32.24
6.05
56.00
18.00
15.50
2.99
12.50
1.54
29.99
70.09
18.00
7.99
16.00
32.06
9.50
41.04
3.99
9.99
10.00
8.50
5.99
47.39
30.00
4.25
4.24
0.99
15.49
65.12
2.54
9.99
114.69
12.99
2.43
3.99
10.50
14.90
7.99
19.99
24.99
12.00
10.50
15.90
26.00
190.49
84.42
12.99
2.25
64.94
51.99
41.42
20.00
8.50
11.99
5.96
175.00
4.24
6.99
15.90
15.51
19.91
0.99
4.49
19.00
62.11
19.99
8.99
0.10
26.00
19.99
38.23
3.99
1.54
16.50
89.00
16.99
31.86
20.49
7.00
10.00
9.99
7.00
22.30
50.97
1.75
24.99
8.49
19.99
48.99
15.90
35.04
62.00
5.00
11.99
56.89
10.00
19.49
28.99
40.00
23.49
2.04
30.00
24.99
6.00
11.50
3.84
8.00
12.76
8.76
6.36
17.52
32.24
6.05
56.00
18.00
15.50
2.99
12.50
1.54
29.99
70.09
18.00
7.99
16.00
32.06
9.50
41.04
3.99
9.99
10.00
8.50
5.99
47.39
30.00
4.25
4.24
0.99
15.49
65.12
2.54
9.99
114.69
12.99
2.43
3.99
10.50
14.90
7.99
19.99
24.99
12.00
10.50
15.90
26.00
190.49
84.42
12.99
2.25
64.94
51.99
41.42
20.00
8.50
11.99
5.96
175.00
4.24
6.99
15.90
15.51
19.91
0.99
4.49
19.00
62.11
19.99
8.99
0.10
26.00
19.99
38.23
3.99
1.54
16.50
89.00
16.99
31.86
20.49
7.00
10.00
9.99
7.00
22.30
50.97
1.75
24.99
8.49
19.99
48.99
15.90
35.04
62.00
5.00
11.99
56.89
10.00
19.49
28.99
40.00
23.49
2.04
30.00
24.99
6.00
11.50
3.84
8.00
12.76
8.76
6.36
17.52
32.24
6.05
56.00
18.00
15.50
2.99
12.50
1.54
29.99
70.09
18.00
7.99
16.00
32.06
9.50
41.04
3.99
9.99
10.00
8.50
5.99
47.39
30.00
4.25
4.24
0.99
15.49
65.12
2.54
9.99
114.69
12.99
2.43
3.99
10.50
14.90
7.99
19.99
24.99
12.00
10.50
15.90
26.00
190.49
84.42
12.99
2.25
64.94
51.99
41.42
20.00
8.50
11.99
5.96
175.00
4.24
6.99
15.90
15.51
19.91
0.99
4.49
19.00
62.11
19.99
8.99
0.10
26.00
19.99
38.23
3.99
1.54
16.50
89.00
16.99
31.86
20.49
7.00
10.00
9.99
7.00
22.30
50.97
1.75
24.99
8.49
19.99
48.99
15.90
35.04
62.00
5.00
11.99
56.89
10.00
19.49
28.99
40.00
23.49
2.04
30.00
24.99
6.00
11.50
3.84
8.00
12.76
8.76
6.36
17.52
32.24
6.05
56.00
18.00
15.50
2.99
12.50
1.54
29.99
70.09
18.00
7.99
16.00
32.06
9.50
41.04
3.99
9.99
10.00
8.50
5.99
47.39
30.00
4.25
4.24
0.99
15.49
65.12
2.54
9.99
114.69
12.99
2.43
3.99
10.50
14.90
7.99
19.99
24.99
12.00
10.50
15.90
26.00
190.49
84.42
12.99
2.25
64.94
51.99
41.42
20.00
8.50
11.99
5.96
175.00
4.24
6.99
15.90
15.51
19.91
0.99
4.49
19.00
62.11
19.99
8.99
0.10
26.00
19.99
38.23
3.99
1.54
16.50
89.00
16.99
31.86
20.49
7.00
10.00
9.99
7.00
22.30
50.97
1.75
24.99
8.49
19.99
48.99
15.90
35.04
62.00
5.00
11.99
56.89
10.00
19.49
28.99
40.00
23.49
2.04
30.00
24.99
6.00
11.50
3.84
8.00
12.76
8.76
6.36
17.52
32.24
6.05
56.00
18.00
15.50
2.99
12.50
1.54
29.99
70.09
18.00
7.99
16.00
32.06
9.50
41.04
3.99
9.99
10.00
8.50
5.99
47.39
30.00
4.25
4.24
0.99
15.49
65.12
2.54
9.99
114.69
12.99
2.43
3.99
10.50
14.90
7.99
19.99
24.99
12.00
10.50
15.90
26.00
190.49
84.42
12.99
2.25
64.94
51.99
41.42
20.00
8.50
11.99
5.96
175.00
4.24
6.99
15.90
15.51
19.91
0.99
4.49
19.00
62.11
19.99
8.99
0.10
26.00
19.99
38.23
3.99
1.54
16.50
89.00
16.99
31.86
20.49
7.00
10.00
9.99
7.00
22.30
50.97
1.75
24.99
8.49
19.99
48.99
15.90
35.04
62.00
5.00
11.99
56.89
10.00
19.49
28.99
40.00
23.49
2.04
30.00
24.99
6.00
11.50
3.84
8.00
12.76
8.76
6.36
17.52
32.24
6.05
56.00
18.00
15.50
2.99
12.50
1.54
29.99
70.09
18.00
7.99
16.00
32.06
9.50
41.04
3.99
9.99
10.00
8.50
5.99
47.39
30.00
4.25
4.24
0.99
15.49
65.12
2.54
9.99
114.69
12.99
2.43
3.99
10.50
14.90
7.99
19.99
24.99
12.00
10.50
15.90
26.00
190.49
84.42
12.99
2.25
64.94
51.99
41.42
20.00
8.50
11.99
5.96
175.00
4.24
6.99
15.90
15.51
19.91
0.99
4.49
19.00
62.11
19.99
8.99
0.10
26.00
19.99
38.23
3.99
1.54
16.50
89.00
16.99
31.86
20.49
7.00
10.00
9.99
7.00
22.30
50.97
1.75
24.99
8.49
19.99
48.99
15.90
35.04
62.00
5.00
11.99
56.89
10.00
19.49
28.99
40.00
23.49
2.04
30.00
24.99
6.00
11.50
3.84
8.00
12.76
8.76
6.36
17.52
32.24
6.05
56.00
18.00
15.50
2.99
12.50
1.54
29.99
70.09
18.00
7.99
16.00
32.06
9.50
41.04
3.99
9.99
10.00
8.50
5.99
47.39
30.00
4.25
4.24
0.99
15.49
65.12
2.54
9.99
114.69
12.99
2.43
3.99
10.50
14.90
7.99
19.99
24.99
12.00
10.50
15.90
26.00
190.49
84.42
12.99
2.25
64.94
51.99
41.42
20.00
8.50
11.99
5.96
175.00
4.24
6.99
15.90
15.51
19.91
0.99
4.49
19.00
62.11
19.99
8.99
0.10
26.00
19.99
38.23
3.99
1.54
16.50
89.00
16.99
31.86
20.49
7.00
10.00
9.99
7.00
22.30
50.97
1.75
24.99
8.49
19.99
48.99
15.90
35.04
62.00
5.00
11.99
56.89
10.00
19.49
28.99
40.00
23.49
2.04
30.00
24.99
6.00
11.50
3.84
8.00
12.76
8.76
6.36
17.52
32.24
6.05
56.00
18.00
15.50
2.99
12.50
1.54
29.99
70.09
18.00
7.99
16.00
32.06
9.50
41.04
3.99
9.99
10.00
8.50
5.99
47.39
30.00
4.25
4.24
0.99
15.49
65.12
2.54
9.99
114.69
12.99
2.43
3.99
10.50
14.90
7.99
19.99
24.99
12.00
10.50
15.90
26.00
190.49
84.42
12.99
2.25
64.94
51.99
41.42
20.00
8.50
11.99
5.96
175.00
4.24
6.99
15.90
15.51
19.91
0.99
4.49
19.00
62.11
19.99
8.99
0.10
26.00
19.99
38.23
3.99
1.54
16.50
89.00
16.99
31.86
20.49
7.00
10.00
9.99
7.00
22.30
50.97
1.75
24.99
8.49
19.99
48.99
15.90
35.04
62.00
5.00
11.99
56.89
10.00
19.49
28.99
40.00
23.49
2.04
30.00
24.99
6.00
11.50
3.84
8.00
12.76
8.76
6.36
17.52
32.24
6.05
56.00
18.00
15.50
2.99
12.50
1.54
29.99
70.09
18.00
7.99
16.00
32.06
9.50
41.04
3.99
9.99
10.00
8.50
5.99
47.39
30.00
4.25
4.24
0.99
15.49
65.12
2.54
9.99
114.69
12.99
2.43
3.99
10.50
14.90
7.99
19.99
24.99
12.00
10.50
15.90
26.00
190.49
84.42
12.99
2.25
64.94
51.99
41.42
20.00
8.50
11.99
5.96
175.00
4.24
6.99
15.90
15.51
19.91
0.99
4.49
19.00
62.11
19.99
8.99
0.10
26.00
19.99
38.23
3.99
1.54
16.50
89.00
16.99
31.86
20.49
7.00
10.00
9.99
7.00
22.30
50.97
1.75
24.99
8.49
19.99
48.99
15.90
35.04
62.00
5.00
11.99
56.89
10.00
19.49
28.99
40.00
23.49
2.04
30.00
24.99
6.00
11.50
3.84
8.00
12.76
8.76
6.36
17.52
32.24
6.05
56.00
18.00
15.50
2.99
12.50
1.54
29.99
70.09
18.00
7.99
16.00
32.06
9.50
41.04
3.99
9.99
10.00
8.50
5.99
47.39
30.00
4.25
4.24
0.99
15.49
65.12
2.54
9.99
114.69
12.99
2.43
3.99
10.50
14.90
7.99
19.99
24.99
12.00
10.50
15.90
26.00
190.49
84.42
12.99
2.25
64.94
51.99
41.42
20.00
8.50
11.99
5.96
175.00
4.24
6.99
15.90
15.51
19.91
0.99
4.49
19.00
62.11
19.99
8.99
0.10
26.00
19.99
38.23
3.99
1.54
16.50
89.00
16.99
31.86
20.49
7.00
10.00
9.99
7.00
22.30
50.97
1.75
24.99
8.49
19.99
48.99
15.90
35.04
62.00
5.00
11.99
56.89
10.00
19.49
28.99
40.00
23.49
2.04
30.00
24.99
6.00
11.50
3.84
8.00
12.76
8.76
6.36
17.52
32.24
6.05
56.00
18.00
15.50
2.99
12.50
1.54
29.99
70.09
18.00
7.99
16.00
32.06
9.50
41.04
3.99
9.99
10.00
8.50
5.99
47.39
30.00
4.25
4.24
0.99
15.49
65.12
2.54
9.99
114.69
12.99
2.43
3.99
10.50
14.90
7.99
19.99
24.99
12.00
10.50
15.90
26.00
190.49
84.42
12.99
2.25
64.94
51.99
41.42
20.00
8.50
11.99
5.96
175.00
4.24
6.99
15.90
15.51
19.91
0.99
4.49
19.00
62.11
19.99
8.99
0.10
26.00
19.99
38.23
3.99
1.54
16.50
89.00
16.99
31.86
20.49
7.00
10.00
9.99
7.00
22.30
50.97
1.75
24.99
8.49
19.99
48.99
15.90
35.04
62.00
5.00
11.99
56.89
10.00
19.49
28.99
40.00
23.49
2.04
30.00
24.99
6.00
11.50
3.84
8.00
12.76
8.76
6.36
17.52
32.24
6.05
56.00
18.00
15.50
2.99
12.50
1.54
29.99
70.09
18.00
7.99
16.00
32.06
9.50
41.04
3.99
9.99
10.00
8.50
5.99
47.39
30.00
4.25
4.24
0.99
15.49
65.12
2.54
9.99
114.69
12.99
2.43
3.99
10.50
14.90
7.99
19.99
24.99
12.00
10.50
15.90
26.00
190.49
84.42
12.99
2.25
64.94
51.99
41.42
20.00
8.50
11.99
5.96
175.00
4.24
6.99
15.90
15.51
19.91
0.99
4.49
19.00
62.11
19.99
8.99
0.10
26.00
19.99
38.23
3.99
1.54
16.50
89.00
16.99
31.86
20.49
7.00
10.00
9.99
7.00
22.30
50.97
1.75
24.99
8.49
19.99
48.99
15.90
35.04
62.00
5.00
11.99
56.89
10.00
19.49
28.99
40.00
23.49
2.04
30.00
24.99
6.00
11.50
3.84
8.00
12.76
8.76
6.36
17.52
32.24
6.05
56.00
18.00
15.50
2.99
12.50
1.54
29.99
70.09
18.00
7.99
16.00
32.06
9.50
41.04
3.99
9.99
10.00
8.50
5.99
47.39
30.00
4.25
4.24
0.99
15.49
65.12
2.54
9.99
114.69
12.99
2.43
3.99
10.50
14.90
7.99
19.99
24.99
12.00
10.50
15.90
26.00
190.49
84.42
12.99
2.25
64.94
51.99
41.42
20.00
8.50
11.99
5.96
175.00
4.24
6.99
15.90
15.51
19.91
0.99
4.49
19.00
62.11
19.99
8.99
0.10
26.00
19.99
38.23
3.99
1.54
16.50
89.00
16.99
31.86
20.49
7.00
10.00
9.99
7.00
22.30
50.97
1.75
24.99
8.49
19.99
48.99
15.90
35.04
62.00
5.00
11.99
56.89
10.00
19.49
28.99
40.00
23.49
2.04
30.00
24.99
6.00
11.50
3.84
8.00
12.76
8.76
6.36
17.52
32.24
6.05
56.00
18.00
15.50
2.99
12.50
1.54
29.99
70.09
18.00
7.99
16.00
32.06
9.50
41.04
3.99
9.99
10.00
8.50
5.99
47.39
30.00
4.25
4.24
0.99
15.49
65.12
2.54
9.99
114.69
12.99
2.43
3.99
10.50
14.90
7.99
19.99
24.99
12.00
10.50
15.90
26.00
190.49
84.42
12.99
2.25
64.94
51.99
41.42
20.00
8.50
11.99
5.96
175.00
4.24
6.99
15.90
15.51
19.91
0.99
4.49
19.00
62.11
19.99
8.99
0.10
26.00
19.99
38.23
3.99
1.54
16.50
89.00
16.99
31.86
20.49
7.00
10.00
9.99
7.00
22.30
50.97
1.75
24.99
8.49
19.99
48.99
15.90
35.04
62.00
5.00
11.99
56.89
10.00
19.49
28.99
40.00
23.49
2.04
30.00
24.99
6.00
11.50
3.84
8.00
12.76
8.76
6.36
17.52
32.24
6.05
56.00
18.00
15.50
2.99
12.50
1.54
29.99
70.09
18.00
7.99
16.00
32.06
9.50
41.04
3.99
9.99
10.00
8.50
5.99
47.39
30.00
4.25
4.24
0.99
15.49
65.12
2.54
9.99
114.69
12.99
2.43
3.99
10.50
14.90
7.99
19.99
24.99
12.00
10.50
15.90
26.00
190.49
84.42
12.99
2.25
64.94
51.99
41.42
20.00
8.50
11.99
5.96
175.00
4.24
6.99
15.90
15.51
19.91
0.99
4.49
19.00
62.11
19.99
8.99
0.10
26.00
19.99
38.23
3.99
1.54
16.50
89.00
16.99
31.86
20.49
7.00
10.00
9.99
7.00
22.30
50.97
1.75
24.99
8.49
19.99
48.99
15.90
35.04
62.00
5.00
11.99
56.89
10.00
19.49
28.99
40.00
23.49
2.04
30.00
24.99
6.00
11.50
3.84
8.00
12.76
8.76
6.36
17.52
32.24
6.05
56.00
18.00
15.50
2.99
12.50
1.54
29.99
70.09
18.00
7.99
16.00
32.06
9.50
41.04
3.99
9.99
10.00
8.50
5.99
47.39
30.00
4.25
4.24
0.99
15.49
65.12
2.54
9.99
114.69
12.99
2.43
3.99
10.50
14.90
7.99
19.99
24.99
12.00
10.50
15.90
26.00
190.49
84.42
12.99
2.25
64.94
51.99
41.42
20.00
8.50
11.99
5.96
175.00
4.24
6.99
15.90
15.51
19.91
0.99
4.49
19.00
62.11
19.99
8.99
0.10
26.00
19.99
38.23
3.99
1.54
16.50
89.00
16.99
31.86
20.49
7.00
10.00
9.99
7.00
22.30
50.97
1.75
24.99
8.49
19.99
48.99
15.90
35.04
62.00
5.00
11.99
56.89
10.00
19.49
28.99
40.00
23.49
2.04
30.00
24.99
6.00
11.50
3.84
8.00
12.76
8.76
6.36
17.52
32.24
6.05
56.00
18.00
15.50
2.99
12.50
1.54
29.99
70.09
18.00
7.99
16.00
32.06
9.50
41.04
3.99
9.99
10.00
8.50
5.99
47.39
30.00
4.25
4.24
0.99
15.49
65.12
2.54
9.99
114.69
12.99
2.43
3.99
10.50
14.90
7.99
19.99
24.99
12.00
10.50
15.90
26.00
190.49
84.42
12.99
2.25
64.94
51.99
41.42
20.00
8.50
11.99
5.96
175.00
4.24
6.99
15.90
15.51
19.91
0.99
4.49
19.00
62.11
19.99
8.99
0.10
26.00
19.99
38.23
3.99
1.54
16.50
89.00
16.99
31.86
20.49
7.00
10.00
9.99
7.00
22.30
50.97
1.75
24.99
8.49
19.99
48.99
15.90
35.04
62.00
5.00
11.99
56.89
10.00
19.49
28.99
40.00
23.49
2.04
30.00
24.99
6.00
11.50
3.84
8.00
12.76
8.76
6.36
17.52
32.24
6.05
56.00
18.00
15.50
2.99
12.50
1.54
29.99
70.09
18.00
7.99
16.00
32.06
9.50
41.04
3.99
9.99
10.00
8.50
5.99
47.39
30.00
4.25
4.24
0.99
15.49
65.12
2.54
9.99
114.69
12.99
2.43
3.99
10.50
14.90
7.99
19.99
24.99
12.00
10.50
15.90
26.00
190.49
84.42
12.99
2.25
64.94
51.99
41.42
20.00
8.50
11.99
5.96
175.00
4.24
6.99
15.90
15.51
19.91
0.99
4.49
19.00
62.11
19.99
8.99
0.10
26.00
19.99
38.23
3.99
1.54
16.50
89.00
16.99
31.86
20.49
7.00
10.00
9.99
7.00
22.30
50.97
1.75
24.99
8.49
19.99
48.99
15.90
35.04
62.00
5.00
11.99
56.89
10.00
19.49
28.99
40.00
23.49
2.04
30.00
24.99
6.00
11.50
3.84
8.00
12.76
8.76
6.36
17.52
32.24
6.05
56.00
18.00
15.50
2.99
12.50
1.54
29.99
70.09
18.00
7.99
16.00
32.06
9.50
41.04
3.99
9.99
10.00
8.50
5.99
47.39
30.00
4.25
4.24
0.99
15.49
65.12
2.54
9.99
114.69
12.99
2.43
3.99
10.50
14.90
7.99
19.99
24.99
12.00
10.50
15.90
26.00
190.49
84.42
12.99
2.25
64.94
51.99
41.42
20.00
8.50
11.99
5.96
175.00
4.24
6.99
15.90
15.51
19.91
0.99
4.49
19.00
62.11
19.99
8.99
0.10
26.00
19.99
38.23
3.99
1.54
16.50
89.00
16.99
31.86
20.49
7.00
10.00
9.99
7.00
22.30
50.97
1.75
24.99
8.49
19.99
48.99
15.90
35.04
62.00
5.00
11.99
56.89
10.00
19.49
28.99
40.00
23.49
2.04
30.00
24.99
6.00
11.50
3.84
8.00
12.76
8.76
6.36
17.52
32.24
6.05
56.00
18.00
15.50
2.99
12.50
1.54
29.99
70.09
18.00
7.99
16.00
32.06
9.50
41.04
3.99
9.99
10.00
8.50
5.99
47.39
30.00
4.25
4.24
0.99
15.49
65.12
2.54
9.99
114.69
12.99
2.43
3.99
10.50
14.90
7.99
19.99
24.99
12.00
10.50
15.90
26.00
190.49
84.42
12.99
2.25
64.94
51.99
41.42
20.00
8.50
11.99
5.96
175.00
4.24
6.99
15.90
15.51
19.91
0.99
4.49
19.00
62.11
19.99
8.99
0.10
26.00
19.99
38.23
3.99
1.54
16.50
89.00
16.99
31.86
20.49
7.00
10.00
9.99
7.00
22.30
50.97
1.75
24.99
8.49
19.99
48.99
15.90
35.04
62.00
5.00
11.99
56.89
10.00
19.49
28.99
40.00
23.49
2.04
30.00
24.99
6.00
11.50
3.84
8.00
12.76
8.76
6.36
17.52
32.24
6.05
56.00
18.00
15.50
2.99
12.50
1.54
29.99
70.09
18.00
7.99
16.00
32.06
9.50
41.04
3.99
9.99
10.00
8.50
5.99
47.39
30.00
4.25
4.24
0.99
15.49
65.12
2.54
9.99
114.69
12.99
2.43
3.99
10.50
14.90
7.99
19.99
24.99
12.00
10.50
15.90
26.00
190.49
84.42
12.99
2.25
64.94
51.99
41.42
20.00
8.50
11.99
5.96
175.00
4.24
6.99
15.90
15.51
19.91
0.99
4.49
19.00
62.11
19.99
8.99
0.10
26.00
19.99
38.23
3.99
1.54
16.50
89.00
16.99
31.86
20.49
7.00
10.00
9.99
7.00
22.30
50.97
1.75
24.99
8.49
19.99
48.99
15.90
35.04
62.00
5.00
11.99
56.89
10.00
19.49
28.99
40.00
23.49
2.04
30.00
24.99
6.00
11.50
3.84
8.00
12.76
8.76
6.36
17.52
32.24
6.05
56.00
18.00
15.50
2.99
12.50
1.54
29.99
70.09
18.00
7.99
16.00
32.06
9.50
41.04
3.99
9.99
10.00
8.50
5.99
47.39
30.00
4.25
4.24
0.99
15.49
65.12
2.54
9.99
114.69
12.99
2.43
3.99
10.50
14.90
7.99
19.99
24.99
12.00
10.50
15.90
26.00
190.49
84.42
12.99
2.25
64.94
51.99
41.42
20.00
8.50
11.99
5.96
175.00
4.24
6.99
15.90
15.51
19.91
0.99
4.49
19.00
62.11
19.99
8.99
0.10
26.00
19.99
38.23
3.99
1.54
16.50
89.00
16.99
31.86
20.49
7.00
10.00
9.99
7.00
22.30
50.97
1.75
24.99
8.49
19.99
48.99
15.90
35.04
62.00
5.00
11.99
56.89
10.00
19.49
28.99
40.00
23.49
2.04
30.00
24.99
6.00
11.50
3.84
8.00
12.76
8.76
6.36
17.52
32.24
6.05
56.00
18.00
15.50
2.99
12.50
1.54
29.99
70.09
18.00
7.99
16.00
32.06
9.50
41.04
3.99
9.99
10.00
8.50
5.99
47.39
30.00
4.25
4.24
0.99
15.49
65.12
2.54
9.99
114.69
12.99
2.43
3.99
10.50
14.90
7.99
19.99
24.99
12.00
10.50
15.90
26.00
190.49
84.42
12.99
2.25
64.94
51.99
41.42
20.00
8.50
11.99
5.96
175.00
4.24
6.99
15.90
15.51
19.91
0.99
4.49
19.00
62.11
19.99
8.99
0.10
26.00
19.99
38.23
3.99
1.54
16.50
89.00
16.99
31.86
20.49
7.00
10.00
9.99
7.00
22.30
50.97
1.75
24.99
8.49
19.99
48.99
15.90
35.04
62.00
5.00
11.99
56.89
10.00
19.49
28.99
40.00
23.49
2.04
30.00
24.99
6.00
11.50
3.84
8.00
12.76
8.76
6.36
17.52
32.24
6.05
56.00
18.00
15.50
2.99
12.50
1.54
29.99
70.09
18.00
7.99
16.00
32.06
9.50
41.04
3.99
9.99
10.00
8.50
5.99
47.39
30.00
4.25
4.24
0.99
15.49
65.12
2.54
9.99
114.69
12.99
2.43
3.99
10.50
14.90
7.99
19.99
24.99
12.00
10.50
15.90
26.00
190.49
84.42
12.99
2.25
64.94
51.99
41.42
20.00
8.50
11.99
5.96
175.00
4.24
6.99
15.90
15.51
19.91
0.99
4.49
19.00
62.11
19.99
8.99
0.10
26.00
19.99
38.23
3.99
1.54
16.50
89.00
16.99
31.86
20.49
7.00
10.00
9.99
7.00
22.30
50.97
1.75
24.99
8.49
19.99
48.99
15.90
35.04
62.00
5.00
11.99
56.89
10.00
19.49
28.99
40.00
23.49
2.04
30.00
24.99
6.00
11.50
3.84
8.00
12.76
8.76
6.36
17.52
32.24
6.05
56.00
18.00
15.50
2.99
12.50
1.54
29.99
70.09
18.00
7.99
16.00
32.06
9.50
41.04
3.99
9.99
10.00
8.50
5.99
47.39
30.00
4.25
4.24
0.99
15.49
65.12
2.54
9.99
114.69
12.99
2.43
3.99
10.50
14.90
7.99
19.99
24.99
12.00
10.50
15.90
26.00
190.49
84.42
12.99
2.25
64.94
51.99
41.42
20.00
8.50
11.99
5.96
175.00
4.24
6.99
15.90
15.51
19.91
0.99
4.49
19.00
62.11
19.99
8.99
0.10
26.00
19.99
38.23
3.99
1.54
16.50
89.00
16.99
31.86
20.49
7.00
10.00
9.99
7.00
22.30
50.97
1.75
24.99
8.49
19.99
48.99
15.90
35.04
62.00
5.00
11.99
56.89
10.00
19.49
28.99
40.00
23.49
2.04
30.00
24.99
6.00
11.50
3.84
8.00
12.76
8.76
6.36
17.52
32.24
6.05
56.00
18.00
15.50
2.99
12.50
1.54
29.99
70.09
18.00
7.99
16.00
32.06
9.50
41.04
3.99
9.99
10.00
8.50
5.99
47.39
30.00
4.25
4.24
0.99
15.49
65.12
2.54
9.99
114.69
12.99
2.43
3.99
10.50
14.90
7.99
19.99
24.99
12.00
10.50
15.90
26.00
190.49
84.42
12.99
2.25
64.94
51.99
41.42
20.00
8.50
11.99
5.96
175.00
4.24
6.99
15.90
15.51
19.91
0.99
4.49
19.00
62.11
19.99
8.99
0.10
26.00
19.99
38.23
3.99
1.54
16.50
89.00
16.99
31.86
20.49
7.00
10.00
9.99
7.00
22.30
50.97
1.75
24.99
8.49
19.99
48.99
15.90
35.04
62.00
5.00
11.99
56.89
10.00
19.49
28.99
40.00
23.49
2.04
30.00
24.99
6.00
11.50
3.84
8.00
12.76
8.76
6.36
17.52
32.24
6.05
56.00
18.00
15.50
2.99
12.50
1.54
29.99
70.09
18.00
7.99
16.00
32.06
9.50
41.04
3.99
9.99
10.00
8.50
5.99
47.39
30.00
4.25
4.24
0.99
15.49
65.12
2.54
9.99
114.69
12.99
2.43
3.99
10.50
14.90
7.99
19.99
24.99
12.00
10.50
15.90
26.00
190.49
84.42
12.99
2.25
64.94
51.99
41.42
20.00
8.50
11.99
5.96
175.00
4.24
6.99
15.90
15.51
19.91
0.99
4.49
19.00
62.11
19.99
8.99
0.10
26.00
19.99
38.23
3.99
1.54
16.50
89.00
16.99
31.86
20.49
7.00
10.00
9.99
7.00
22.30
50.97
1.75
24.99
8.49
19.99
48.99
15.90
35.04
62.00
5.00
11.99
56.89
10.00
19.49
28.99
40.00
23.49
2.04
30.00
24.99
6.00
11.50
3.84
8.00
12.76
8.76
6.36
17.52
32.24
6.05
56.00
18.00
15.50
2.99
12.50
1.54
29.99
70.09
18.00
7.99
16.00
32.06
9.50
41.04
3.99
9.99
10.00
8.50
5.99
47.39
30.00
4.25
4.24
0.99
15.49
65.12
2.54
9.99
114.69
12.99
2.43
3.99
10.50
14.90
7.99
19.99
24.99
12.00
10.50
15.90
26.00
190.49
84.42
12.99
2.25
64.94
51.99
41.42
20.00
8.50
11.99
5.96
175.00
4.24
6.99
15.90
15.51
19.91
0.99
4.49
19.00
62.11
19.99
8.99
0.10
26.00
19.99
38.23
3.99
1.54
16.50
89.00
16.99
31.86
20.49
7.00
10.00
9.99
7.00
22.30
50.97
1.75
24.99
8.49
19.99
48.99
15.90
35.04
62.00
5.00
11.99
56.89
10.00
19.49
28.99
40.00
23.49
2.04
30.00
24.99
6.00
11.50
3.84
8.00
12.76
8.76
6.36
17.52
32.24
6.05
56.00
18.00
15.50
2.99
12.50
1.54
29.99
70.09
18.00
7.99
16.00
32.06
9.50
41.04
3.99
9.99
10.00
8.50
5.99
47.39
30.00
4.25
4.24
0.99
15.49
65.12
2.54
9.99
114.69
12.99
2.43
3.99
10.50
14.90
7.99
19.99
24.99
12.00
10.50
15.90
26.00
190.49
84.42
12.99
2.25
64.94
51.99
41.42
20.00
8.50
11.99
5.96
175.00
4.24
6.99
15.90
15.51
19.91
0.99
4.49
19.00
62.11
19.99
8.99
0.10
26.00
19.99
38.23
3.99
1.54
16.50
89.00
16.99
31.86
20.49
7.00
10.00
9.99
7.00
22.30
50.97
1.75
24.99
8.49
19.99
48.99
15.90
35.04
62.00
5.00
11.99
56.89
10.00
19.49
28.99
40.00
23.49
2.04
30.00
24.99
6.00
11.50
3.84
8.00
12.76
8.76
6.36
17.52
32.24
6.05
56.00
18.00
15.50
2.99
12.50
1.54
29.99
70.09
18.00
7.99
16.00
32.06
9.50
41.04
3.99
9.99
10.00
8.50
5.99
47.39
30.00
4.25
4.24
0.99
15.49
65.12
2.54
9.99
114.69
12.99
2.43
3.99
10.50
14.90
7.99
19.99
24.99
12.00
10.50
15.90
26.00
190.49
84.42
12.99
2.25
64.94
51.99
41.42
20.00
8.50
11.99
5.96
175.00
4.24
6.99
15.90
15.51
19.91
0.99
4.49
19.00
62.11
19.99
8.99
0.10
26.00
19.99
38.23
3.99
1.54
16.50
89.00
16.99
31.86
20.49
7.00
10.00
9.99
7.00
22.30
50.97
1.75
24.99
8.49
19.99
48.99
15.90
35.04
62.00
5.00
11.99
56.89
10.00
19.49
28.99
40.00
23.49
2.04
30.00
24.99
6.00
11.50
3.84
8.00
12.76
8.76
6.36
17.52
32.24
6.05
56.00
18.00
15.50
2.99
12.50
1.54
29.99
70.09
18.00
7.99
16.00
32.06
9.50
41.04
3.99
9.99
10.00
8.50
5.99
47.39
30.00
4.25
4.24
0.99
15.49
65.12
2.54
9.99
114.69
12.99
2.43
3.99
10.50
14.90
7.99
19.99
24.99
12.00
10.50
15.90
26.00
190.49
84.42
12.99
2.25
64.94
51.99
41.42
20.00
8.50
11.99
5.96
175.00
4.24
6.99
15.90
15.51
19.91
0.99
4.49
19.00
62.11
19.99
8.99
0.10
26.00
19.99
38.23
3.99
1.54
16.50
89.00
16.99
31.86
20.49
7.00
10.00
9.99
7.00
22.30
50.97
1.75
24.99
8.49
19.99
48.99
15.90
35.04
62.00
5.00
11.99
56.89
10.00
19.49
28.99
40.00
23.49
2.04
30.00
24.99
6.00
11.50
3.84
8.00
12.76
8.76
6.36
17.52
32.24
6.05
56.00
18.00
15.50
2.99
12.50
1.54
29.99
70.09
18.00
7.99
16.00
32.06
9.50
41.04
3.99
9.99
10.00
8.50
5.99
47.39
30.00
4.25
4.24
0.99
15.49
65.12
2.54
9.99
114.69
12.99
2.43
3.99
10.50
14.90
7.99
19.99
24.99
12.00
10.50
15.90
26.00
190.49
84.42
12.99
2.25
64.94
51.99
41.42
20.00
8.50
11.99
5.96
175.00
4.24
6.99
15.90
15.51
19.91
0.99
4.49
19.00
62.11
19.99
8.99
0.10
26.00
19.99
38.23
3.99
1.54
16.50
89.00
16.99
31.86
20.49
7.00
10.00
9.99
7.00
22.30
50.97
1.75
24.99
8.49
19.99
48.99
15.90
35.04
62.00
5.00
11.99
56.89
10.00
19.49
28.99
40.00
23.49
2.04
30.00
24.99
6.00
11.50
3.84
8.00
12.76
8.76
6.36
17.52
32.24
6.05
56.00
18.00
15.50
2.99
12.50
1.54
29.99
70.09
18.00
7.99
16.00
32.06
9.50
41.04
3.99
9.99
10.00
8.50
5.99
47.39
30.00
4.25
4.24
0.99
15.49
65.12
2.54
9.99
114.69
12.99
2.43
3.99
10.50
14.90
7.99
19.99
24.99
12.00
10.50
15.90
26.00
190.49
84.42
12.99
2.25
64.94
51.99
41.42
20.00
8.50
11.99
5.96
175.00
4.24
6.99
15.90
15.51
19.91
0.99
4.49
19.00
62.11
19.99
8.99
0.10
26.00
19.99
38.23
3.99
1.54
16.50
89.00
16.99
31.86
20.49
7.00
10.00
9.99
7.00
22.30
50.97
1.75
24.99
8.49
19.99
48.99
15.90
35.04
62.00
5.00
11.99
56.89
10.00
19.49
28.99
40.00
23.49
2.04
30.00
24.99
6.00
11.50
3.84
8.00
12.76
8.76
6.36
17.52
32.24
6.05
56.00
18.00
15.50
2.99
12.50
1.54
29.99
70.09
18.00
7.99
16.00
32.06
9.50
41.04
3.99
9.99
10.00
8.50
5.99
47.39
30.00
4.25
4.24
0.99
15.49
65.12
2.54
9.99
114.69
12.99
2.43
3.99
10.50
14.90
7.99
19.99
24.99
12.00
10.50
15.90
26.00
190.49
84.42
12.99
2.25
64.94
51.99
41.42
20.00
8.50
11.99
5.96
175.00
4.24
6.99
15.90
15.51
19.91
0.99
4.49
19.00
62.11
19.99
8.99
0.10
26.00
19.99
38.23
3.99
1.54
16.50
89.00
16.99
31.86
20.49
7.00
10.00
9.99
7.00
22.30
50.97
1.75
24.99
8.49
19.99
48.99
15.90
35.04
62.00
5.00
11.99
56.89
10.00
19.49
28.99
40.00
23.49
2.04
30.00
24.99
6.00
11.50
3.84
8.00
12.76
8.76
6.36
17.52
32.24
6.05
56.00
18.00
15.50
2.99
12.50
1.54
29.99
70.09
18.00
7.99
16.00
32.06
9.50
41.04
3.99
9.99
10.00
8.50
5.99
47.39
30.00
4.25
4.24
0.99
15.49
65.12
2.54
9.99
114.69
12.99
2.43
3.99
10.50
14.90
7.99
19.99
24.99
12.00
10.50
15.90
26.00
190.49
84.42
12.99
2.25
64.94
51.99
41.42
20.00
8.50
11.99
5.96
175.00
4.24
6.99
15.90
15.51
19.91
0.99
4.49
19.00
62.11
19.99
8.99
0.10
26.00
19.99
38.23
3.99
1.54
16.50
89.00
16.99
31.86
20.49
7.00
10.00
9.99
7.00
22.30
50.97
1.75
24.99
8.49
19.99
48.99
15.90
35.04
62.00
5.00
11.99
56.89
10.00
19.49
28.99
40.00
23.49
2.04
30.00
24.99
6.00
11.50
3.84
8.00