159.99
345.00
77.00
39.99
6.95
0.99
135.00
999.00
119.28
54.00
1450.00
923.09
94.95
89.95
195.00
249.99
90.00
199.00
7.49
30.00
79.99
79.63
65.00
70.00
171.95
99.99
35.00
280.00
11.90
25.74
135.00
85.00
249.00
78.00
31.78
9.99
148.14
152.67
300.00
78.99
162.50
10.95
80.00
1250.43
47.77
39.99
150.00
95.00
695.00
214.19
15.00
6.99
11.16
11.99
10.11
12.51
69.99
150.00
99.99
109.99
9.95
34.99
450.00
9.95
130.00
64.99
100.00
550.00
63.72
59.99
159.99
557.50
200.00
34.95
19.99
39.99
21.69
999.95
149.99
24.95
485.00
69.75
149.00
120.00
47.71
59.00
15.00
124.95
39.99
64.95
150.00
35.00
1100.00
14.32
17.49
16.99
240.00
375.00
150.00
266.99
10.49
220.00
129.99
34.99
61.00
74.49
33.99
11.80
2668.40
87.00
183.99
164.95
4650.00
139.99
190.00
73.00
9.99
66.20
15.00
25.00
110.00
149.00
132.55
70.00
69.99
239.00
147.00
9.99
23.95
109.00
180.00
950.00
248.08
63.72
11.13
81.25
1000.00
450.00
17.90
154.95
100.68
75.00
117.95
129.00
199.99
124.95
450.00
159.27
528.00
89.99
2999.00
230.00
22.49
5.99
2519.99
1580.00
150.00
24.00
96.99
389.99
55.90
160.00
300.00
77.89
579.00
19.98
397.86
99.55
61.86
217.95
84.99
147.44
2325.00
20.70
117.30
99.00
25.49
499.00
5.00
159.95
22.00
69.95
89.99
65.00
25.00
175.00
329.00
74.99
129.99
145.00
249.00
9.99
112.00
69.00
85.00
344.01
60.00
25.00
142.05
183.97
129.99
69.99
211.35
3595.00
129.55
144.03
54.99
58.50
27.21
45.00
210.00
2222.22
47.71
119.00
550.00
550.00
74.00
289.95
116.99
189.99
300.00
59.99
1081.58
149.00
15.99
119.99
32.99
32.97
450.00
152.99
69.99
115.00
125.00
139.95
165.95
134.99
32.00
215.99
10.99
189.95
103.99
44.04
30.00
425.00
27.21
2199.00
359.00
23.25
23.25
99.50
184.99
64.97
150.00
299.00
270.00
24.95
935.00
79.95
150.00
44.00
113.49
13.49
39.99
150.00
48.00
49.99
119.28
175.00
95.00
150.00
140.00
250.00
10.00
92.55
100.47
50.00
30.00
63.64
176.70
9.99
1399.00
172.05
159.43
199.00
62.85
71.66
22.00
5800.00
7.99
185.00
99.95
99.98
1875.00
70.00
295.00
75.00
17.99
29.99
400.00
83.64
400.00
309.00
289.00
49.99
375.00
469.91
63.70
39.99
266.95
179.00
86.61
69.99
84.95
159.00
172.95
20.00
54.95
223.90
14.95
10.02
39.99
3040.00
75.00
291.00
2299.00
2100.00
175.00
100.00
22.99
155.00
209.99
399.00
29.99
12.99
44.99
585.00
200.00
6500.00
74.00
954.15
59.99
100.22
800.00
29.95
47.79
64.83
850.00
3.30
27.21
65.82
175.00
45.00
80.00
65.82
19.99
283.45
65.82
672.38
109.90
229.90
60.87
97.00
63.84
30.00
500.00
39.00
99.55
1028.25
79.99
70.00
1672.55
71.76
71.76
155.00
175.00
7.50
125.00
169.99
6.49
60.00
17.64
135.00
159.00
945.25
49.99
5.89
4.54
445.00
195.00
7800.00
29.99
12.00
359.00
41.00
42.06
5.49
699.99
35.00
24.50
124.95
160.00
49.99
1085.00
154.99
49.95
120.00
3106.16
23.95
100.00
24.71
135.00
21.99
101.19
23.00
57.40
29.00
888.88
99.00
49.00
27.99
4.70
183.95
119.00
199.99
269.20
19.00
89.95
100.00
7.95
18.99
142.56
124.99
102.64
37.00
103.52
3500.00
157.70
27.19
299.99
249.99
219.90
98.00
565.00
105.00
78.05
96.00
17.95
159.00
69.99
19.99
7.95
1549.99
17250.00
199.00
99.99
249.00
16.09
49.00
21.99
159.99
65.00
4.45
189.99
75.00
19.29
450.00
156.78
179.40
29.50
39.31
2100.00
205.00
495.95
175.00
634.95
6.99
370.00
26.56
115.00
69.99
122.95
69.99
10.00
49.99
87.61
27.95
99.99
25.00
86.00
42.99
188.95
275.00
35.00
150.00
279.00
60.00
19.99
149.95
19.95
7.99
19.99
639.95
17.97
69.99
88.88
249.50
149.99
2440.00
107.95
40.00
62.99
49.99
21.50
4850.00
71.68
599.00
199.00
21.45
86.02
99.99
169.77
495.00
10.99
150.00
30650.00
98.49
136.77
103.36
214.20
19.95
159.27
95.00
400.00
95.30
145.00
10.45
174.99
150.00
155.00
31.42
170.00
189.99
67.30
384.70
79.00
249.99
49.99
222.99
1999.99
1800.00
109.99
250.00
499.00
125.99
698.00
129.99
739.00
339.99
204.99
55.00
3440.00
68.00
120.00
8.95
499.99
94.99
79.99
29.95
207.00
9.44
2062.81
80.00
29.95
45.99
3750.00
329.00
225.00
7.99
44.95
9.99
3.97
135.40
16.55
11.13
6.20
31.78
38.00
1.89
165.00
26.83
19.99
94.95
239.00
195.00
99.99
4.99
13.45
31.84
32.00
119.00
17.99
3.97
119.99
599.00
69.99
59.99
74.95
35.00
59.84
3892.15
175.45
10.95
900.00
377.10
149.95
15.00
106.95
675.00
75.00
14.99
18.00
540.00
5.99
33.43
85.00
49.99
49.98
59.95
35.99
151.33
246.90
23.34
23.34
149.99
9750.00
495.00
750.00
138.95
575.00
25.99
39.99
100.00
24.99
695.00
79.99
77.00
175.00
375.00
239.00
230.97
154.99
15.99
64.95
27.00
47.65
60.00
2950.00
79.99
3500.00
189.95
215.95
93.99
151.50
395.00
34.99
115.00
20.69
396.63
3.00
37.58
589.00
24.92
15.99
62.00
88.78
75.00
300.00
120.00
150.00
139.97
2200.00
450.00
149.00
5700.00
39.82
475.00
46.90
14.99
163.15
9.54
75.00
79.63
89.00
1495.00
35.00
11.88
379.00
39.95
79.99
89.95
526.00
50.00
4.19
23.88
69.95
69.99
119.99
65.99
42.99
64.95
70.64
149.95
59.99
204.99
104.99
44.00
79.95
299.99
9.54
190.00
34.96
12.66
79.45
163.99
118.75
40.00
125.00
119.00
35.00
24.99
97.90
5.00
14.99
379.00
249.99
211.99
12.34
49.99
63.04
109.00
17.50
19.90
200.00
119.99
89.99
69.95
700.00
49.99
15.93
795.00
84.54
55.00
157.00
8.99
225.00
45.00
44.99
45.00
9.79
410.97
7.95
22.00
2589.62
69.99
75.00
5.90
355.00
70.00
29.00
59.99
174.00
34.99
128.91
120.90
170.00
144.44
34.29
425.50
109.91
75.00
294.69
325.00
59.99
47.95
176.99
29.99
629.20
165.00
53.95
161.99
179.95
105.50
20.63
20.63
19.90
600.00
183.99
159.99
199.99
10.99
189.95
375.00
499.99
23.99
110.25
25.00
109.90
136.00
42.95
108.50
115.00
23.99
171.00
30.00
125.82
25.97
29.99
179.00
7.95
274.99
349.95
915.00
175.00
280.00
25.00
199.99
19.99
7.99
79.00
649.00
125.62
107.35
35.00
191.15
3.99
78.49
104.95
34.99
329.00
140.00
349.99
4.99
95.65
73.25
25.00
499.00
65.00
99.99
74.95
150.00
1125.00
1850.00
12.39
21.95
109.00
1650.00
43.50
119.00
89.95
91.00
184.99
10.99
95.79
129.00
103.00
69.00
159.00
403.90
279.00
359.99
398.98
80.00
29.92
71.60
240.00
15.00
18000.00
579.99
398.98
450.00
61.99
18.99
18.99
998.00
95.56
60.00
606.00
12.00
399.99
14.99
23.08
119.99
7400.00
59.99
198.98
59.00
350.00
209.00
165.00
699.00
269.00
114.49
299.99
19.99
109.99
299.99
395.00
409.00
645.00
19.99
24.99
799.00
3895.00
581.41
69.99
65.00
299.00
139.99
233.98
244.50
227.00
7.95
1300.00
1026.50
249.99
139.45
15.93
885.00
395.00
43.15
449.47
179.77
3.99
4.94
299.99
47.50
35.00
169.99
109.99
8.97
199.99
8.99
59.50
29.99
317.59
149.99
135.00
99.95
95.00
100.00
15.00
150.00
119.99
598.00
95.00
100.00
105.00
149.99
105.00
24.95
75.80
325.00
249.99
149.99
69.50
380.00
165.00
170.00
45.99
59.99
189.95
183.10
360.00
349.00
100.00
95.35
1200.00
23.95
75.00
253.27
495.00
499.00
53.00
11700.00
74.99
167.90
98.99
18.95
105.00
149.99
19.99
167.99
9.88
6.09
15.00
128.39
10.00
3895.00
2750.00
74.99
119.00
139.00
549.99
189.00
44.99
9.00
195.00
54.99
325.00
9.99
1600.00
329.00
70.00
19.95
160.00
59.99
69.00
4.19
3400.00
47.00
24.99
91.50
99.99
177.77
77.99
12.99
12.99
64.99
53.00
79.88
51.96
29.99
5567.19
135.00
119.99
99.00
700.00
14.95
174.99
456.00
195.00
1000.00
159.18
13.00
36.12
4.99
4.50
130.00
8.95
188.88
24.99
118.00
335.00
350.00
49.00
159.95
545.00
8500.00
330.00
72.95
24.95
94.95
25.00
189.99
275.00
68.00
35.00
398.23
99.95
96.99
400.00
400.00
125.00
544.26
299.99
32.99
59.00
221.41
8675.00
289.99
995.00
120.00
25.99
1000.00
249.99
69.95
885.00
20.99
244.50
68.00
540.00
5.99
7.99
999.95
316.00
650.00
199.99
123.88
40.00
199.99
1087.00
2195.00
192.95
765.00
29.95
3999.99
154.95
150.99
150.99
39.99
23.99
74.99
47.98
275.00
122.80
49.99
124.00
123.09
799.00
50.00
4.50
49.99
7.95
79.99
59.00
11.99
31.00
82.95
78.00
285.00
7.99
16.99
71.00
1295.00
97.95
249.00
65.00
55.00
31.00
128.95
14.99
25.47
89.99
30.00
350.00
59.99
479.00
299.00
170.00
67.49
200.00
200.00
15.99
427.45
89.00
75.00
325.00
142.67
3.99
64.99
30.00
200.00
175.00
95.56
159.00
29.22
13800.00
20.00
174.99
262.99
49.99
60.00
135.00
94.95
74.95
54.95
250.00
57.95
57.95
57.95
64.95
52.95
61.99
318.50
15.99
84.90
544.99
135.00
179.00
8.82
85.00
380.00
110.00
59.95
122.50
54.99
229.50
25.00
94.00
249.99
160.00
70.00
517.69
188.75
155.00
229.99
109.99
65.00
62.95
352.27
81.99
125.00
345.00
9.00
995.00
414.65
995.00
57.75
35.00
89.00
55.99
47.79
169.99
223.95
42.99
157.70
137.99
50.00
77.00
1985.00
1950.00
295.00
256.43
22.99
54.95
199.99
3.99
58.00
76.44
150.00
2174.31
99.00
179.00
269.20
135.00
14.99
8.53
45.00
30.00
29.99
199.99
9.99
275.00
62.00
589.00
16.99
4150.00
155.00
116.39
76.99
110.00
143.12
2.79
94.99
21.95
1.58
47.77
46.03
625.00
9.99
25.95
1139.00
125.33
22.49
124.34
72.66
71.87
375.00
64.24
8.99
89.97
175.00
2850.00
39.90
6.99
40.00
210.50
800.00
4.59
999.00
95.99
134.99
22.10
149.99
104.99
19.99
100.00
99.99
100.00
65.00
101.93
141.75
262.81
275.00
309.00
9.99
399.00
157.99
419.00
95.00
549.00
129.00
57.65
15.00
28.99
9.99
0.99
195.00
108.99
62.00
3499.00
22700.00
199.99
149.95
28.99
93.99
188.00
13.99
246.90
104.00
135.99
99.99
199.99
109.99
191.08
154.00
24.99
499.00
96.99
111.77
29.99
139.99
82.97
9.99
175.00
79.95
19.99
249.00
150.00
12.99
191.13
12.60
249.00
25.99
89.95
279.95
99.99
358.40
109.99
59.95
22.99
99.70
500.00
140.00
24.99
2.81
129.95
23.89
59.00
159.00
650.00
6.68
55.99
135.00
825.00
245.00
125.97
39.95
1800.00
383.19
517.69
65.00
279.97
48.00
245.00
1095.00
58.00
58.00
5450.00
115.99
27.21
17.51
198.00
259.95
190.00
22.99
64.75
14.99
59.99
15.99
140.00
299.00
54.00
673.99
109.91
97.99
1899.00
289.00
264.41
154.50
270.00
501.75
86.00
83.61
18.98
30.00
10.16
334.60
109.99
215.04
90.00
129.00
466.54
92.00
32.99
29.99
10.99
55.00
150.00
675.00
41.99
17.99
142.94
181.90
171.53
59.99
107.99
6.99
2.59
3.97
150.00
75.00
29.95
365.00
12.99
19.99
55.20
350.00
77.99
5.00
49.00
15.99
15.91
12.99
5.00
110.00
10.62
10.62
10.62
5.00
102.75
35.14
39.99
69.99
14.32
2595.00
85.00
135.00
500.00
40.00
3177.84
5.00
38.97
67.95
1150.00
230.97
58.86
199.99
195.00
380.00
78.20
600.00
18.75
191.15
227.00
18.00
32.00
25.00
149.77
49.99
750.00
199.95
2.83
169.00
66.00
99.99
99.98
47.77
19.99
34.77
99.95
584.80
99.60
88.94
30.00
14.99
21.95
99.99
520.00
29.95
225.00
140.00
157.70
24.99
133.42
399.00
22.99
5.69
1000.00
5.99
66.50
475.00
109.37
11.95
12.39
12.39
99.00
12.39
264.00
9.69
111.00
9.02
9.02
89.00
89.00
398.23
9.21
9.49
4.99
9.99
535.00
42.49
57.34
207.00
123.99
2.29
162.00
87.50
180.00
103.06
85.00
149.56
191.13
272.21
245.29
6.99
88.99
28.99
149.95
52.55
249.95
7.99
228.00
5099.00
139.73
103.88
8.63
80.00
118.80
129.00
14.39
94.99
5.00
283.54
5.99
8.34
12.99
549.00
239.99
6.99
4.66
65.00
136.00
119.99
91.88
13.49
22.99
225.00
340.99
599.99
25.99
10.99
31.84
10.99
79.00
7.99
4.69
12.99
79.65
375.00
9.99
150.00
119.13
230.95
9.95
30.00
23.00
265.00
59.99
335.00
32.99
223.01
95.49
19.99
148.00
14.99
75.00
724.77
159.90
1592.90
465.00
199.00
180.00
50.00
12.39
3800.00
4.59
25.00
25.40
25.50
25.84
1200.00
14.99
28.30
25.27
15.00
259.00
37.99
37.99
5.59
549.55
199.00
259.95
26.78
114.99
450.00
11.45
205.48
2500.00
28.98
13.99
5.59
13.50
438.05
119.98
3982.25
21.29
17.99
9.99
4.79
13.99
79.63
20.00
13.99
17.99
3743.32
19.99
358.40
258.00
90.95
24.99
13.99
13.99
8.49
189.00
2000.00
299.99
1.58
97.50
62.97
1100.00
225.00
20.99
210.00
207.86
3.99
5.00
96.67
9.88
89.99
1398.00
144.98
38.00
175.20
439.00
43.89
39.99
12.99
93.00
14.99
89.99
15.00
79.00
182.39
1700.00
177.00
277.01
57.00
235.00
20.00
1000.00
217.54
47.50
1400.00
191.15
19.99
215.00
119.47
17.66
14.59
92.00
92.00
12.99
3.03
101.00
98.00
127.00
213.49
5.45
107.00
50.00
47.00
93.95
98.00
89.99
87.00
51.45
23.50
130.00
109.99
250.00
3.19
79.98
2.69
189.99
1499.95
7.95
189.95
671.95
191.15
49.99
59.99
49.15
15.00
449.95
185.00
25.00
300.00
3.99
92.99
84.00
5.17
16.99
23.95
29.99
37.99
179.99
24.99
162.75
153.00
20.99
221.41
24.99
499.95
17.99
2000.00
71.96
9.94
249.00
5200.00
17.51
54.99
26.99
52.00
195.00
180.99
18.99
25.99
8.99
130.00
329.99
174.00
11.79
21600.00
11.96
7.99
29.99
66.00
47.77
27.19
250.00
4499.95
10.95
71.00
3.96
27.99
10.96
105.99
5.19
151.46
19.99
185.00
216.18
5.91
3.95
25.00
38.00
36.00
35.00
130.00
5.50
4.99
5.50
4.99
4.99
4.99
145.83
48.00
11.99
24.90
41.99
144.95
144.94
194.00
150.00
11.15
232.00
50.00
199.00
124.99
154.99
79.95
2.86
128.77
4.99
209.99
104.99
99.99
3.95
2.99
3.29
19.00
727.00
5.98
560.00
13.19
14.99
199.95
399.00
110.00
49.95
149.99
129.00
5.99
24.99
26.50
5.99
70.00
100.00
129.99
58.00
23.99
87.20
799.00
199.99
13.19
179.99
12.99
24.73
163.95
20.99
22.99
125.00
97.95
17.99
70.00
48.60
5.96
99.95
60.00
257.99
27.00
130.00
120.00
129.00
90.00
15.00
25.00
30.00
116.99
8.19
105.00
400.00
125.00
7.99
295.00
625.00
499.99
110.00
264.99
179.95
9.79
399.00
63.99
84.50
3.17
9.16
4.76
4.76
109.95
7.96
2.39
4.22
9.54
7.96
8.76
7.96
114.75
4.22
4.22
3.58
3.58
3.58
4.22
95.00
3.98
3.19
3.19
15.91
9.16
4.22
3.19
3.58
3.58
9.16
9.54
3.98
4.22
3.58
3.98
9.16
9.16
9.16
3.98
3.98
3.19
8.76
5.58
4.78
4.22
23.88
8.76
9.16
4.22
3.98
4.22
4.22
9.54
9.16
4.22
9.16
7.96
6.36
3.17
3.98
7.49
3.58
7.96
6.36
4.78
25.47
3.58
5.18
3.19
1.99
9.54
1.99
8.76
4.76
3.58
4.76
3.98
3.17
7.96
3.98
154.99
9.16
3.58
3.58
4.22
4.22
3.19
3.19
9.16
9.54
9.16
8.76
4.22
9.16
7.95
3.19
14.32
3.98
3.58
3.17
7.96
3.19
35.99
7.96
7.15
8.76
4.22
3.97
4.76
4.22
4.22
9.16
15.91
4.76
6.37
9.16
11.13
3.17
8.76
7.95
8.76
7.96
40.00
40.00
29.99
60.00
69.00
50.00
50.00
40.00
135.00
5.97
95.63
40.00
40.00
40.00
302.65
44.99
75.00
197.53
189.99
3.39
198.95
26.90
9.99
13.04
9.99
139.00
125.00
709.00
56.00
2499.99
26.99
127.50
89.99
18.99
74.00
35.98
58.00
7950.00
5.89
220.00
17.69
40.00
795.00
479.95
23.95
368.99
8.99
3.99
10.99
105.00
289.00
95.00
95.00
99.95
649.95
14.99
3.68
3.68
143.35
9500.00
88.99
116.31
12.99
79.00
79.99
241.57
17.68
52.99
1195.00
59.99
40.00
6.00
2800.00
23.95
50.00
150.00
100.00
49.99
54.99
274.75
345.50
159.27
53.00
99.95
144.50
4288.50
21.99
201.93
77.99
12.99
297.99
139.95
230.00
4.39
45.99
60.00
2.49
2.49
44.44
795.00
229.00
12.99
249.00
199.00
1.99
3600.00
21.97
29.95
89.99
109.99
99.99
498.00
160.95
60.00
195.00
199.99
2995.00
9.69
449.00
1250.00
65.09
6.87
195.00
249.00
89.99
26.77
5.00
168.34
109.00
73.00
14.99
110.00
299.99
108.00
10.79
105.00
6.87
5.88
6.89
71.48
208.00
24.95
27.19
279.99
390.00
135.00
64.00
375.00
35.99
24.99
29.99
144.44
160.00
36.26
4750.00
8500.00
399.00
25.00
39.75
98.95
111.95
159.95
32.80
450.00
99.99
27.50
75.00
319.99
19.00
300.00
129.99
60.99
395.00
94.16
142.98
114.88
49.95
115.00
15.00
120.00
104.00
189.00
29.95
219.00
147.99
19.20
50.00
100.00
470.00
25.00
16.20
40.00
7.00
62.99
99.95
289.95
135.00
110.00
4675.00
165.00
23.83
61.99
155.00
100.00
7750.00
18.97
80.00
12.00
61.75
99.00
35.00
699.00
53.00
59.99
98.99
14950.00
523.95
269.00
43.88
75.00
139.95
179.00
110.00
1.99
84.00
99.95
8.98
95.00
67.95
156.39
650.00
142.95
39.99
4.98
1600.00
118.48
295.00
124.95
29.00
419.00
1845.00
700.00
169.00
114.99
129.99
29.99
19.99
25.94
75.00
45.00
4.99
104.44
294.99
900.00
175.00
24.99
185.00
2.99
1999.00
3.97
27.05
21.59
5.00
99.77
260.00
69.50
27.00
39.99
49.99
195.00
59.99
1100.00
27.95
20.98
199.50
8850.00
254.95
11.99
174.99
12.99
16.14
16.14
16.14
13.81
16.67
14.81
14.65
13.32
14.90
2.09
15.13
6.53
16.67
14.01
13.85
70.99
24.95
49.95
40.00
80.00
89.00
34.00
120.00
80.00
165.00
95.00
30.00
83.99
66.89
233.95
90.00
13.67
13.05
13.67
12.31
14.33
12.31
14.33
11.00
199.95
12.27
16.04
17.12
19.28
15.59
10.00
7.99
7.00
160.00
125.99
10.55
7995.00
4.98
24.99
120.00
49.00
10.00
550.00
5.19
5.12
250.00
13.67
13.67
13.67
11.46
13.67
14.33
14.33
14.33
12.31
11.00
11.48
5.29
13.84
12.27
133.33
7.99
5.57
14.93
75.00
14.93
15.63
12.01
13.45
11.03
15.63
12.01
60.00
12.69
13.49
12.51
13.49
115.00
29.95
39.99
133.95
215.00
190.00
375.00
19.99
169.00
100.00
138.95
109.95
6299.00
495.00
119.99
85.99
7.73
99.97
100.00
5.71
89.50
55.00
13.99
54.94
88.00
6.99
275.00
15.00
197.75
6.99
60.00
749.00
225.00
400.00
260.00
249.99
58.95
19.99
260.00
4.99
17.50
200.00
210.99
224.95
19.32
4.60
79.95
289.95
229.00
4.69
29.95
6.49
599.00
180.95
39.99
234.95
125.00
29.95
84.99
30.00
79.99
16.00
138.95
31.99
83.99
129.00
239.00
275.00
79.99
324.99
2.99
194.99
24.99
297.00
47.99
875.00
87.50
75.95
695.00
125.00
169.99
259.20
16.99
299.99
4.00
0.99
73.99
5.29
15.99
14.25
21.59
599.99
17.65
163.99
249.00
97.00
69.99
450.00
10.99
93.00
179.95
33.99
89.00
93.00
1150.00
39.99
259.00
19.99
24.60
29.99
160.00
53.00
107.00
649.00
434.00
49.99
59.95
107.00
459.99
399.99
93.00
375.00
55.00
5.98
5.98
11.99
23.89
349.00
4.98
29.99
62.99
3450.00
34.99
59.99
324.49
139.00
2.19
300.00
650.00
179.99
185.97
91.02
55.00
129.00
14.32
49.95
125.00
124.97
150.00
169.95
117.95
25.68
2399.00
5.69
125.00
39.99
78.79
16.99
234.99
25.00
1600.00
97.00
143.00
14.99
29.99
250.00
134.50
11.99
195.00
12.68
109.99
199.99
179.99
85.00
66.00
89.95
135.00
8.88
129.99
225.00
118.00
149.00
118.00
250.00
118.00
4.99
218.00
109.00
35.00
10.00
39.99